Varificando data de envio...
PRAZO MÁXIMO: 2021-09-20T23:59:59-03:00
Testando sua solucao...
Procurando exercício 1...
Procurando exercício 2...
Exercício 2...
Teste 1: correto!
Teste 2: correto!
Teste 3 deu errado!
O resultado para
1
5
1

deveria ser
[1,2,3,4,5]
mas deu
[0, 1, 2, 3, 4, 5]

Teste 4: correto!
Teste 5: correto!
Teste 6: correto!
Teste 7 deu errado!
O resultado para
487
-169
17

deveria ser
[-153, -136, -119, -102, -85, -68, -51, -34, -17, 0, 17, 34, 51, 68, 85, 102, 119, 136, 153, 170, 187, 204, 221, 238, 255, 272, 289, 306, 323, 340, 357, 374, 391, 408, 425, 442, 459, 476]
mas deu
[-170, -153, -136, -119, -102, -85, -68, -51, -34, -17, 0, 17, 34, 51, 68, 85, 102, 119, 136, 153, 170, 187, 204, 221, 238, 255, 272, 289, 306, 323, 340, 357, 374, 391, 408, 425, 442, 459, 476]

Teste 8: correto!
Teste 9: correto!
Teste 10 deu errado!
O resultado para
273
55
2

deveria ser
[56, 58, 60, 62, 64, 66, 68, 70, 72, 74, 76, 78, 80, 82, 84, 86, 88, 90, 92, 94, 96, 98, 100, 102, 104, 106, 108, 110, 112, 114, 116, 118, 120, 122, 124, 126, 128, 130, 132, 134, 136, 138, 140, 142, 144, 146, 148, 150, 152, 154, 156, 158, 160, 162, 164, 166, 168, 170, 172, 174, 176, 178, 180, 182, 184, 186, 188, 190, 192, 194, 196, 198, 200, 202, 204, 206, 208, 210, 212, 214, 216, 218, 220, 222, 224, 226, 228, 230, 232, 234, 236, 238, 240, 242, 244, 246, 248, 250, 252, 254, 256, 258, 260, 262, 264, 266, 268, 270, 272]
mas deu
[54, 56, 58, 60, 62, 64, 66, 68, 70, 72, 74, 76, 78, 80, 82, 84, 86, 88, 90, 92, 94, 96, 98, 100, 102, 104, 106, 108, 110, 112, 114, 116, 118, 120, 122, 124, 126, 128, 130, 132, 134, 136, 138, 140, 142, 144, 146, 148, 150, 152, 154, 156, 158, 160, 162, 164, 166, 168, 170, 172, 174, 176, 178, 180, 182, 184, 186, 188, 190, 192, 194, 196, 198, 200, 202, 204, 206, 208, 210, 212, 214, 216, 218, 220, 222, 224, 226, 228, 230, 232, 234, 236, 238, 240, 242, 244, 246, 248, 250, 252, 254, 256, 258, 260, 262, 264, 266, 268, 270, 272]

Teste 11: correto!
Teste 12 deu errado!
O resultado para
-494
782
3

deveria ser
[-492, -489, -486, -483, -480, -477, -474, -471, -468, -465, -462, -459, -456, -453, -450, -447, -444, -441, -438, -435, -432, -429, -426, -423, -420, -417, -414, -411, -408, -405, -402, -399, -396, -393, -390, -387, -384, -381, -378, -375, -372, -369, -366, -363, -360, -357, -354, -351, -348, -345, -342, -339, -336, -333, -330, -327, -324, -321, -318, -315, -312, -309, -306, -303, -300, -297, -294, -291, -288, -285, -282, -279, -276, -273, -270, -267, -264, -261, -258, -255, -252, -249, -246, -243, -240, -237, -234, -231, -228, -225, -222, -219, -216, -213, -210, -207, -204, -201, -198, -195, -192, -189, -186, -183, -180, -177, -174, -171, -168, -165, -162, -159, -156, -153, -150, -147, -144, -141, -138, -135, -132, -129, -126, -123, -120, -117, -114, -111, -108, -105, -102, -99, -96, -93, -90, -87, -84, -81, -78, -75, -72, -69, -66, -63, -60, -57, -54, -51, -48, -45, -42, -39, -36, -33, -30, -27, -24, -21, -18, -15, -12, -9, -6, -3, 0, 3, 6, 9, 12, 15, 18, 21, 24, 27, 30, 33, 36, 39, 42, 45, 48, 51, 54, 57, 60, 63, 66, 69, 72, 75, 78, 81, 84, 87, 90, 93, 96, 99, 102, 105, 108, 111, 114, 117, 120, 123, 126, 129, 132, 135, 138, 141, 144, 147, 150, 153, 156, 159, 162, 165, 168, 171, 174, 177, 180, 183, 186, 189, 192, 195, 198, 201, 204, 207, 210, 213, 216, 219, 222, 225, 228, 231, 234, 237, 240, 243, 246, 249, 252, 255, 258, 261, 264, 267, 270, 273, 276, 279, 282, 285, 288, 291, 294, 297, 300, 303, 306, 309, 312, 315, 318, 321, 324, 327, 330, 333, 336, 339, 342, 345, 348, 351, 354, 357, 360, 363, 366, 369, 372, 375, 378, 381, 384, 387, 390, 393, 396, 399, 402, 405, 408, 411, 414, 417, 420, 423, 426, 429, 432, 435, 438, 441, 444, 447, 450, 453, 456, 459, 462, 465, 468, 471, 474, 477, 480, 483, 486, 489, 492, 495, 498, 501, 504, 507, 510, 513, 516, 519, 522, 525, 528, 531, 534, 537, 540, 543, 546, 549, 552, 555, 558, 561, 564, 567, 570, 573, 576, 579, 582, 585, 588, 591, 594, 597, 600, 603, 606, 609, 612, 615, 618, 621, 624, 627, 630, 633, 636, 639, 642, 645, 648, 651, 654, 657, 660, 663, 666, 669, 672, 675, 678, 681, 684, 687, 690, 693, 696, 699, 702, 705, 708, 711, 714, 717, 720, 723, 726, 729, 732, 735, 738, 741, 744, 747, 750, 753, 756, 759, 762, 765, 768, 771, 774, 777, 780]
mas deu
[-495, -492, -489, -486, -483, -480, -477, -474, -471, -468, -465, -462, -459, -456, -453, -450, -447, -444, -441, -438, -435, -432, -429, -426, -423, -420, -417, -414, -411, -408, -405, -402, -399, -396, -393, -390, -387, -384, -381, -378, -375, -372, -369, -366, -363, -360, -357, -354, -351, -348, -345, -342, -339, -336, -333, -330, -327, -324, -321, -318, -315, -312, -309, -306, -303, -300, -297, -294, -291, -288, -285, -282, -279, -276, -273, -270, -267, -264, -261, -258, -255, -252, -249, -246, -243, -240, -237, -234, -231, -228, -225, -222, -219, -216, -213, -210, -207, -204, -201, -198, -195, -192, -189, -186, -183, -180, -177, -174, -171, -168, -165, -162, -159, -156, -153, -150, -147, -144, -141, -138, -135, -132, -129, -126, -123, -120, -117, -114, -111, -108, -105, -102, -99, -96, -93, -90, -87, -84, -81, -78, -75, -72, -69, -66, -63, -60, -57, -54, -51, -48, -45, -42, -39, -36, -33, -30, -27, -24, -21, -18, -15, -12, -9, -6, -3, 0, 3, 6, 9, 12, 15, 18, 21, 24, 27, 30, 33, 36, 39, 42, 45, 48, 51, 54, 57, 60, 63, 66, 69, 72, 75, 78, 81, 84, 87, 90, 93, 96, 99, 102, 105, 108, 111, 114, 117, 120, 123, 126, 129, 132, 135, 138, 141, 144, 147, 150, 153, 156, 159, 162, 165, 168, 171, 174, 177, 180, 183, 186, 189, 192, 195, 198, 201, 204, 207, 210, 213, 216, 219, 222, 225, 228, 231, 234, 237, 240, 243, 246, 249, 252, 255, 258, 261, 264, 267, 270, 273, 276, 279, 282, 285, 288, 291, 294, 297, 300, 303, 306, 309, 312, 315, 318, 321, 324, 327, 330, 333, 336, 339, 342, 345, 348, 351, 354, 357, 360, 363, 366, 369, 372, 375, 378, 381, 384, 387, 390, 393, 396, 399, 402, 405, 408, 411, 414, 417, 420, 423, 426, 429, 432, 435, 438, 441, 444, 447, 450, 453, 456, 459, 462, 465, 468, 471, 474, 477, 480, 483, 486, 489, 492, 495, 498, 501, 504, 507, 510, 513, 516, 519, 522, 525, 528, 531, 534, 537, 540, 543, 546, 549, 552, 555, 558, 561, 564, 567, 570, 573, 576, 579, 582, 585, 588, 591, 594, 597, 600, 603, 606, 609, 612, 615, 618, 621, 624, 627, 630, 633, 636, 639, 642, 645, 648, 651, 654, 657, 660, 663, 666, 669, 672, 675, 678, 681, 684, 687, 690, 693, 696, 699, 702, 705, 708, 711, 714, 717, 720, 723, 726, 729, 732, 735, 738, 741, 744, 747, 750, 753, 756, 759, 762, 765, 768, 771, 774, 777, 780]

Teste 13: correto!
Teste 14: correto!
Teste 15: correto!
Teste 16: correto!
Teste 17: correto!
Teste 18: correto!
Teste 19 deu errado!
O resultado para
651
812
25

deveria ser
[675, 700, 725, 750, 775, 800]
mas deu
[650, 675, 700, 725, 750, 775, 800]

Teste 20 deu errado!
O resultado para
-779
-848
3

deveria ser
[-846, -843, -840, -837, -834, -831, -828, -825, -822, -819, -816, -813, -810, -807, -804, -801, -798, -795, -792, -789, -786, -783, -780]
mas deu
[-849, -846, -843, -840, -837, -834, -831, -828, -825, -822, -819, -816, -813, -810, -807, -804, -801, -798, -795, -792, -789, -786, -783, -780]

Nota exercicio 2: 0.7000000000000001
Procurando exercício 3...
Exercício 3...
Teste 1: correto!
Teste 2: correto!
Teste 3: correto!
Teste 4: correto!
Teste 5: correto!
Teste 6: correto!
Teste 7: correto!
Teste 8: correto!
Teste 9: correto!
Teste 10: correto!
Teste 11: correto!
Teste 12: correto!
Teste 13: correto!
Teste 14: correto!
Teste 15: correto!
Teste 16: correto!
Teste 17: correto!
Teste 18: correto!
Teste 19: correto!
Teste 20: correto!
Nota exercicio 3: 2.0
Procurando exercício 4...
Procurando exercício 5...
Exercício 5...
Teste 1: correto!
Teste 2: correto!
Teste 3: correto!
Teste 4: correto!
Teste 5: correto!
Teste 6: correto!
Teste 7: correto!
Teste 8: correto!
Teste 9: correto!
Teste 10: correto!
Teste 11: correto!
Teste 12: correto!
Teste 13: correto!
Teste 14: correto!
Teste 15: correto!
Teste 16: correto!
Teste 17: correto!
Teste 18: correto!
Teste 19: correto!
Teste 20: correto!
Nota exercicio 5: 2.0
Procurando exercício 6...
Exercício 6...
Teste 1: correto!
Teste 2: correto!
Teste 3: correto!
Teste 4: correto!
Teste 5: correto!
Teste 6: correto!
Teste 7: correto!
Teste 8: correto!
Teste 9: correto!
Teste 10: correto!
Teste 11: correto!
Teste 12: correto!
Teste 13: correto!
Teste 14: correto!
Teste 15: correto!
Teste 16: correto!
Teste 17: correto!
Teste 18: correto!
Teste 19: correto!
Teste 20: correto!
Nota exercicio 6: 1.0
Procurando exercício 7...
Exercício 7...
{4} {4}
Teste 1: correto!
set() set()
Teste 2: correto!
{4, 5} {4, 5}
Teste 3: correto!
set() set()
Teste 4: correto!
{97, 26, 68, 5, 38, 39, 40, 8, 70, 11, 3, 13, 77, 24, 90, 88, 29} {97, 3, 68, 5, 70, 38, 40, 39, 8, 11, 26, 13, 77, 88, 24, 90, 29}
Teste 5: correto!
{2, 8, 11, 13, 16, 18, 24, 26, 32, 33, 41, 46, 50, 51, 52, 53, 54, 56, 63, 65, 66, 68, 74, 78, 79, 81, 84, 91, 99} {2, 8, 11, 13, 16, 18, 24, 26, 32, 33, 41, 46, 50, 51, 52, 53, 54, 56, 63, 65, 66, 68, 74, 78, 79, 81, 84, 91, 99}
Teste 6: correto!
{64, 3, 4, 80, 48, 93} {64, 3, 4, 80, 48, 93}
Teste 7: correto!
{44, 47} {44, 47}
Teste 8: correto!
{96, 1, 65, 100, 37, 38, 72, 41, 12, 78, 15, 48, 24, 90, 91, 60} {96, 65, 1, 100, 37, 38, 72, 41, 12, 78, 15, 48, 24, 90, 91, 60}
Teste 9: correto!
{67, 40, 9, 74, 80, 81, 28} {67, 40, 9, 74, 80, 81, 28}
Teste 10: correto!
{13, 14, 16, 30, 34, 41, 43, 46, 48, 49, 53, 55, 60, 67, 69, 70, 75, 78, 90, 96, 99, 100} {13, 14, 16, 30, 34, 41, 43, 46, 48, 49, 53, 55, 60, 67, 69, 70, 75, 78, 90, 96, 99, 100}
Teste 11: correto!
{2, 5, 7, 11, 16, 23, 25, 27, 32, 34, 35, 47, 48, 50, 53, 55, 57, 61, 62, 67, 70, 71, 74, 76, 80, 84, 85, 87, 90, 91, 93, 95, 97} {2, 5, 7, 11, 16, 23, 25, 27, 32, 34, 35, 47, 48, 50, 53, 55, 57, 61, 62, 67, 70, 71, 74, 76, 80, 84, 85, 87, 90, 91, 93, 95, 97}
Teste 12: correto!
{35} {35}
Teste 13: correto!
{1, 6, 14, 19, 23, 28, 34, 41, 44, 47, 56, 62, 65, 72, 74, 80, 84, 85, 87, 88, 89, 97, 98} {1, 6, 14, 19, 23, 28, 34, 41, 44, 47, 56, 62, 65, 72, 74, 80, 84, 85, 87, 88, 89, 97, 98}
Teste 14: correto!
{69, 6, 39, 40, 41, 74, 49, 86, 23} {69, 6, 39, 40, 41, 74, 49, 86, 23}
Teste 15: correto!
{1, 4, 5, 6, 25, 31, 40, 43, 44, 52, 53, 54, 57, 61, 66, 76, 77, 80, 83, 85, 100} {1, 4, 5, 6, 25, 31, 40, 43, 44, 52, 53, 54, 57, 61, 66, 76, 77, 80, 83, 85, 100}
Teste 16: correto!
{32, 10} {32, 10}
Teste 17: correto!
{64, 69, 38, 8, 27, 41, 75, 78, 81, 50, 83, 21, 91} {64, 69, 38, 8, 41, 91, 75, 78, 81, 50, 83, 21, 27}
Teste 18: correto!
{65, 67, 35, 39, 43, 56} {65, 67, 35, 39, 43, 56}
Teste 19: correto!
{36, 5, 37, 71, 40, 27, 77, 47, 80, 16, 30, 23, 24, 26, 59, 29, 94, 63} {36, 37, 5, 71, 40, 59, 77, 47, 80, 16, 30, 23, 24, 26, 27, 29, 94, 63}
Teste 20: correto!
Nota exercicio 7: 2.0
Nota total: 7.7
{"scores": {"ex1": 0, "ex2": 0.7000000000000001, "ex3": 2.0, "ex4": 0, "ex5": 2.0, "ex6": 1.0, "ex7": 2.0, "ex8": 0, "ex9": 0, "ex10": 0}}
