Varificando data de envio...
PRAZO MÁXIMO: 2021-09-20T23:59:59-03:00
Testando sua solucao...
Procurando exercício 1...
Procurando exercício 2...
Exercício 2...
Teste 1: correto!
Teste 2: correto!
Teste 3 deu errado!
O resultado para
1
5
1

deveria ser
[1,2,3,4,5]
mas deu
[0, 1, 2, 3, 4, 5]

Teste 4: correto!
Teste 5: correto!
Teste 6: correto!
Teste 7: correto!
Teste 8: correto!
Teste 9: correto!
Teste 10: correto!
Teste 11: correto!
Teste 12: correto!
Teste 13: correto!
Teste 14: correto!
Teste 15: correto!
Teste 16: correto!
Teste 17 deu errado!
O resultado para
-977
332
3

deveria ser
[-975, -972, -969, -966, -963, -960, -957, -954, -951, -948, -945, -942, -939, -936, -933, -930, -927, -924, -921, -918, -915, -912, -909, -906, -903, -900, -897, -894, -891, -888, -885, -882, -879, -876, -873, -870, -867, -864, -861, -858, -855, -852, -849, -846, -843, -840, -837, -834, -831, -828, -825, -822, -819, -816, -813, -810, -807, -804, -801, -798, -795, -792, -789, -786, -783, -780, -777, -774, -771, -768, -765, -762, -759, -756, -753, -750, -747, -744, -741, -738, -735, -732, -729, -726, -723, -720, -717, -714, -711, -708, -705, -702, -699, -696, -693, -690, -687, -684, -681, -678, -675, -672, -669, -666, -663, -660, -657, -654, -651, -648, -645, -642, -639, -636, -633, -630, -627, -624, -621, -618, -615, -612, -609, -606, -603, -600, -597, -594, -591, -588, -585, -582, -579, -576, -573, -570, -567, -564, -561, -558, -555, -552, -549, -546, -543, -540, -537, -534, -531, -528, -525, -522, -519, -516, -513, -510, -507, -504, -501, -498, -495, -492, -489, -486, -483, -480, -477, -474, -471, -468, -465, -462, -459, -456, -453, -450, -447, -444, -441, -438, -435, -432, -429, -426, -423, -420, -417, -414, -411, -408, -405, -402, -399, -396, -393, -390, -387, -384, -381, -378, -375, -372, -369, -366, -363, -360, -357, -354, -351, -348, -345, -342, -339, -336, -333, -330, -327, -324, -321, -318, -315, -312, -309, -306, -303, -300, -297, -294, -291, -288, -285, -282, -279, -276, -273, -270, -267, -264, -261, -258, -255, -252, -249, -246, -243, -240, -237, -234, -231, -228, -225, -222, -219, -216, -213, -210, -207, -204, -201, -198, -195, -192, -189, -186, -183, -180, -177, -174, -171, -168, -165, -162, -159, -156, -153, -150, -147, -144, -141, -138, -135, -132, -129, -126, -123, -120, -117, -114, -111, -108, -105, -102, -99, -96, -93, -90, -87, -84, -81, -78, -75, -72, -69, -66, -63, -60, -57, -54, -51, -48, -45, -42, -39, -36, -33, -30, -27, -24, -21, -18, -15, -12, -9, -6, -3, 0, 3, 6, 9, 12, 15, 18, 21, 24, 27, 30, 33, 36, 39, 42, 45, 48, 51, 54, 57, 60, 63, 66, 69, 72, 75, 78, 81, 84, 87, 90, 93, 96, 99, 102, 105, 108, 111, 114, 117, 120, 123, 126, 129, 132, 135, 138, 141, 144, 147, 150, 153, 156, 159, 162, 165, 168, 171, 174, 177, 180, 183, 186, 189, 192, 195, 198, 201, 204, 207, 210, 213, 216, 219, 222, 225, 228, 231, 234, 237, 240, 243, 246, 249, 252, 255, 258, 261, 264, 267, 270, 273, 276, 279, 282, 285, 288, 291, 294, 297, 300, 303, 306, 309, 312, 315, 318, 321, 324, 327, 330]
mas deu
[-978, -975, -972, -969, -966, -963, -960, -957, -954, -951, -948, -945, -942, -939, -936, -933, -930, -927, -924, -921, -918, -915, -912, -909, -906, -903, -900, -897, -894, -891, -888, -885, -882, -879, -876, -873, -870, -867, -864, -861, -858, -855, -852, -849, -846, -843, -840, -837, -834, -831, -828, -825, -822, -819, -816, -813, -810, -807, -804, -801, -798, -795, -792, -789, -786, -783, -780, -777, -774, -771, -768, -765, -762, -759, -756, -753, -750, -747, -744, -741, -738, -735, -732, -729, -726, -723, -720, -717, -714, -711, -708, -705, -702, -699, -696, -693, -690, -687, -684, -681, -678, -675, -672, -669, -666, -663, -660, -657, -654, -651, -648, -645, -642, -639, -636, -633, -630, -627, -624, -621, -618, -615, -612, -609, -606, -603, -600, -597, -594, -591, -588, -585, -582, -579, -576, -573, -570, -567, -564, -561, -558, -555, -552, -549, -546, -543, -540, -537, -534, -531, -528, -525, -522, -519, -516, -513, -510, -507, -504, -501, -498, -495, -492, -489, -486, -483, -480, -477, -474, -471, -468, -465, -462, -459, -456, -453, -450, -447, -444, -441, -438, -435, -432, -429, -426, -423, -420, -417, -414, -411, -408, -405, -402, -399, -396, -393, -390, -387, -384, -381, -378, -375, -372, -369, -366, -363, -360, -357, -354, -351, -348, -345, -342, -339, -336, -333, -330, -327, -324, -321, -318, -315, -312, -309, -306, -303, -300, -297, -294, -291, -288, -285, -282, -279, -276, -273, -270, -267, -264, -261, -258, -255, -252, -249, -246, -243, -240, -237, -234, -231, -228, -225, -222, -219, -216, -213, -210, -207, -204, -201, -198, -195, -192, -189, -186, -183, -180, -177, -174, -171, -168, -165, -162, -159, -156, -153, -150, -147, -144, -141, -138, -135, -132, -129, -126, -123, -120, -117, -114, -111, -108, -105, -102, -99, -96, -93, -90, -87, -84, -81, -78, -75, -72, -69, -66, -63, -60, -57, -54, -51, -48, -45, -42, -39, -36, -33, -30, -27, -24, -21, -18, -15, -12, -9, -6, -3, 0, 3, 6, 9, 12, 15, 18, 21, 24, 27, 30, 33, 36, 39, 42, 45, 48, 51, 54, 57, 60, 63, 66, 69, 72, 75, 78, 81, 84, 87, 90, 93, 96, 99, 102, 105, 108, 111, 114, 117, 120, 123, 126, 129, 132, 135, 138, 141, 144, 147, 150, 153, 156, 159, 162, 165, 168, 171, 174, 177, 180, 183, 186, 189, 192, 195, 198, 201, 204, 207, 210, 213, 216, 219, 222, 225, 228, 231, 234, 237, 240, 243, 246, 249, 252, 255, 258, 261, 264, 267, 270, 273, 276, 279, 282, 285, 288, 291, 294, 297, 300, 303, 306, 309, 312, 315, 318, 321, 324, 327, 330]

Teste 18 deu errado!
O resultado para
-108
-867
4

deveria ser
[-864, -860, -856, -852, -848, -844, -840, -836, -832, -828, -824, -820, -816, -812, -808, -804, -800, -796, -792, -788, -784, -780, -776, -772, -768, -764, -760, -756, -752, -748, -744, -740, -736, -732, -728, -724, -720, -716, -712, -708, -704, -700, -696, -692, -688, -684, -680, -676, -672, -668, -664, -660, -656, -652, -648, -644, -640, -636, -632, -628, -624, -620, -616, -612, -608, -604, -600, -596, -592, -588, -584, -580, -576, -572, -568, -564, -560, -556, -552, -548, -544, -540, -536, -532, -528, -524, -520, -516, -512, -508, -504, -500, -496, -492, -488, -484, -480, -476, -472, -468, -464, -460, -456, -452, -448, -444, -440, -436, -432, -428, -424, -420, -416, -412, -408, -404, -400, -396, -392, -388, -384, -380, -376, -372, -368, -364, -360, -356, -352, -348, -344, -340, -336, -332, -328, -324, -320, -316, -312, -308, -304, -300, -296, -292, -288, -284, -280, -276, -272, -268, -264, -260, -256, -252, -248, -244, -240, -236, -232, -228, -224, -220, -216, -212, -208, -204, -200, -196, -192, -188, -184, -180, -176, -172, -168, -164, -160, -156, -152, -148, -144, -140, -136, -132, -128, -124, -120, -116, -112, -108]
mas deu
[-868, -864, -860, -856, -852, -848, -844, -840, -836, -832, -828, -824, -820, -816, -812, -808, -804, -800, -796, -792, -788, -784, -780, -776, -772, -768, -764, -760, -756, -752, -748, -744, -740, -736, -732, -728, -724, -720, -716, -712, -708, -704, -700, -696, -692, -688, -684, -680, -676, -672, -668, -664, -660, -656, -652, -648, -644, -640, -636, -632, -628, -624, -620, -616, -612, -608, -604, -600, -596, -592, -588, -584, -580, -576, -572, -568, -564, -560, -556, -552, -548, -544, -540, -536, -532, -528, -524, -520, -516, -512, -508, -504, -500, -496, -492, -488, -484, -480, -476, -472, -468, -464, -460, -456, -452, -448, -444, -440, -436, -432, -428, -424, -420, -416, -412, -408, -404, -400, -396, -392, -388, -384, -380, -376, -372, -368, -364, -360, -356, -352, -348, -344, -340, -336, -332, -328, -324, -320, -316, -312, -308, -304, -300, -296, -292, -288, -284, -280, -276, -272, -268, -264, -260, -256, -252, -248, -244, -240, -236, -232, -228, -224, -220, -216, -212, -208, -204, -200, -196, -192, -188, -184, -180, -176, -172, -168, -164, -160, -156, -152, -148, -144, -140, -136, -132, -128, -124, -120, -116, -112, -108]

Teste 19: correto!
Teste 20: correto!
Nota exercicio 2: 0.9
Procurando exercício 3...
Exercício 3...
Teste 1: correto!
Teste 2: correto!
Teste 3: correto!
Teste 4: correto!
Teste 5: correto!
Teste 6: correto!
Teste 7: correto!
Teste 8: correto!
Teste 9: correto!
Teste 10: correto!
Teste 11: correto!
Teste 12: correto!
Teste 13: correto!
Teste 14: correto!
Teste 15: correto!
Teste 16: correto!
Teste 17: correto!
Teste 18: correto!
Teste 19: correto!
Teste 20: correto!
Nota exercicio 3: 2.0
Procurando exercício 4...
Procurando exercício 5...
Exercício 5...
Teste 1: correto!
Teste 2: correto!
Teste 3: correto!
Teste 4: correto!
Teste 5: correto!
Teste 6: correto!
Teste 7: correto!
Teste 8: correto!
Teste 9: correto!
Teste 10: correto!
Teste 11: correto!
Teste 12: correto!
Teste 13: correto!
Teste 14: correto!
Teste 15: correto!
Teste 16: correto!
Teste 17: correto!
Teste 18: correto!
Teste 19: correto!
Teste 20: correto!
Nota exercicio 5: 2.0
Procurando exercício 6...
Exercício 6...
Teste 1: correto!
Teste 2: correto!
Teste 3: correto!
Teste 4: correto!
Teste 5: correto!
Teste 6: correto!
Teste 7: correto!
Teste 8: correto!
Teste 9: correto!
Teste 10: correto!
Teste 11: correto!
Teste 12: correto!
Teste 13: correto!
Teste 14: correto!
Teste 15: correto!
Teste 16: correto!
Teste 17: correto!
Teste 18: correto!
Teste 19: correto!
Teste 20: correto!
Nota exercicio 6: 1.0
Procurando exercício 7...
Exercício 7...
Teste 1: correto!
Teste 2: correto!
Teste 3: correto!
Teste 4: correto!
Teste 5: correto!
Teste 6: correto!
Teste 7: correto!
Teste 8: correto!
Teste 9: correto!
Teste 10: correto!
Teste 11: correto!
Teste 12: correto!
Teste 13: correto!
Teste 14: correto!
Teste 15: correto!
Teste 16: correto!
Teste 17: correto!
Teste 18: correto!
Teste 19: correto!
Teste 20: correto!
Nota exercicio 7: 2.0
Nota total: 7.9
{"scores": {"ex1": 0, "ex2": 0.9, "ex3": 2.0, "ex4": 0, "ex5": 2.0, "ex6": 1.0, "ex7": 2.0}}
