Varificando data de envio...
PRAZO MÁXIMO: 2021-09-27T23:59:59-03:00
Testando sua solucao...
Procurando exercício 1...
Exercício 1...
Teste 1 deu errado!
O resultado para
3
3
1
2
3
4
5
6
7
8
9
8
6
4
2
0
-2
-4
-6
-8

deveria ser
9 8 7
6 5 4
3 2 1
mas deu
[[9, 8, 7], [6, 5, 4], [3, 2, 1]]

Teste 2 deu errado!
O resultado para
1
1
-1
1

deveria ser
0
mas deu
[[0]]

Teste 3 deu errado!
O resultado para
15
19
-30
-89
-56
-47
-87
6
62
26
5
-18
-26
91
30
16
54
-25
-13
8
1
-84
-50
-36
64
-32
-41
17
-62
-3
2
-6
60
50
30
46
-77
0
63
10
-17
28
15
65
62
11
-42
63
-67
-50
-100
44
-71
-61
-97
82
-91
-91
-35
77
-72
-27
-29
45
-39
33
-10
-51
27
3
-84
92
-49
-77
-27
-2
-47
31
81
9
-84
97
-3
68
-26
-61
53
-61
11
88
77
19
-14
12
34
77
-73
46
-9
58
17
-49
31
11
29
97
-48
4
-71
32
17
-90
1
-19
95
-66
-85
-5
100
40
91
97
-66
39
-46
-67
84
42
32
-23
-44
91
2
0
20
-78
12
3
-93
2
91
82
-61
-33
86
22
-38
-14
-69
97
-55
41
-8
-33
-40
-75
-69
-53
44
70
14
-2
43
-35
76
34
-2
-20
31
-15
-68
-35
58
-80
17
23
46
-2
46
-2
42
-2
71
40
-21
-99
-85
27
-84
-55
-60
72
42
-55
43
-88
-55
-36
62
-13
-72
56
86
51
-10
-6
71
45
-92
42
-36
-27
93
21
26
14
13
96
59
8
49
-47
61
-78
36
7
32
-39
-46
76
65
100
53
87
0
-52
-96
-79
-77
-27
71
95
-4
10
-20
2
-47
-85
-42
41
-38
9
71
56
49
-45
-33
-100
91
69
59
-67
74
100
10
-38
-80
22
-65
71
-37
-16
-31
67
21
-7
57
62
21
1
-12
-23
83
-23
39
-52
77
8
-6
-41
55
-88
-35
-75
-96
75
68
91
18
-84
57
-51
55
18
23
96
54
-37
-17
52
-5
47
52
-65
88
-89
43
-9
-66
69
-79
28
-3
32
-64
-53
61
-12
80
-14
75
57
-97
-45
84
19
-100
-86
71
92
14
-76
5
34
-93
42
73
-17
28
35
30
-65
-81
-2
78
75
74
16
-92
-90
-98
87
41
30
11
65
-50
75
81
5
-12
84
-9
-9
39
2
-30
91
40
-38
82
100
19
83
52
-21
-24
97
-38
-26
-7
-89
-80
89
27
-58
55
-10
44
-15
78
-69
53
8
35
-44
-47
26
-98
13
-51
34
45
24
21
-30
-89
-26
-72
-13
83
84
67
-30
-6
83
-61
-61
20
29
64
22
11
-16
39
-30
91
21
-2
85
-46
-82
1
14
73
1
-16
61
41
80
83
76
-77
52
41
83
18
-22
-21
55
0
68
50
55
-38
28
54
-63
15
55
76
-96
9
-34
68
-60
73
68
57
-60
-57
-98
29
-18
-64
-8
-76
-87
26
-71
63
81
-54
63
0
-41
-50
-58
0
-73
15
-62
-13
41
38
-28
25
87
19
66
-44
38
87
84
16
44
-22
-100
99
-23
-31
93
52
29
-69
-44
-75
-78
-94
-98
67
-53
56
-52
-71
67
-48
54
12
26
48
95
10
48
-80
86
82
97
-31
90
-85
41
-21
82
-63
-77
-93
-92
-78
-17
-3
-76
-96
98
66
-56
40
36
98
-97
-39
-77

deveria ser
-22 -95 -97 8 -175 -29 -13 -70 80 50 65 109 -54 73 3 30 5 31 97
-30 -87 -53 116 -37 6 69 -127 85 -87 37 51 -16 99 -33 -49 -3 95 -54
-70 89 3 145 48 86 15 -34 -112 34 -81 -56 -157 10 -5 96 -167 -86 -1
-16 -30 46 -46 73 -4 63 -75 -132 25 81 -9 166 -33 -169 -117 -100 40 72
111 20 -19 47 72 149 -21 -73 137 -70 2 127 79 -11 77 52 -4 159 27
65 74 110 -4 -73 128 -27 3 90 -137 -76 18 59 -41 -35 -9 25 80 12
-154 48 108 75 47 50 -40 -59 -33 -118 118 87 56 -2 -74 2 -24 -72 7
5 96 70 -123 -4 174 21 -122 -13 115 86 -16 -3 -85 136 -85 132 13 -35
45 -121 -151 -52 58 143 15 -18 104 6 156 117 74 -97 83 26 15 -17 36
-101 72 23 114 48 101 -40 70 52 8 55 34 -23 -181 36 -118 13 -120 145
110 2 -17 -145 -153 -7 44 -77 -80 -20 -1 77 -81 57 152 -9 -29 42 -77
-77 35 21 -47 29 -49 83 100 46 21 -22 148 -59 102 -37 70 48 38 92
109 78 -47 186 -23 -83 -3 -27 -48 -96 27 20 -82 -84 -118 69 -100 -29 -94
-30 29 -39 125 68 75 3 62 -90 139 -11 145 15 171 69 100 -123 -39 1
17 8 -114 -109 -123 -11 4 -10 -19 -34 119 67 -68 17 119 75 -58 -91 0
mas deu
[[-22, -95, -97, 8, -175, -29, -13, -70, 80, 50, 65, 109, -54, 73, 3, 30, 5, 31, 97], [-30, -87, -53, 116, -37, 6, 69, -127, 85, -87, 37, 51, -16, 99, -33, -49, -3, 95, -54], [-70, 89, 3, 145, 48, 86, 15, -34, -112, 34, -81, -56, -157, 10, -5, 96, -167, -86, -1], [-16, -30, 46, -46, 73, -4, 63, -75, -132, 25, 81, -9, 166, -33, -169, -117, -100, 40, 72], [111, 20, -19, 47, 72, 149, -21, -73, 137, -70, 2, 127, 79, -11, 77, 52, -4, 159, 27], [65, 74, 110, -4, -73, 128, -27, 3, 90, -137, -76, 18, 59, -41, -35, -9, 25, 80, 12], [-154, 48, 108, 75, 47, 50, -40, -59, -33, -118, 118, 87, 56, -2, -74, 2, -24, -72, 7], [5, 96, 70, -123, -4, 174, 21, -122, -13, 115, 86, -16, -3, -85, 136, -85, 132, 13, -35], [45, -121, -151, -52, 58, 143, 15, -18, 104, 6, 156, 117, 74, -97, 83, 26, 15, -17, 36], [-101, 72, 23, 114, 48, 101, -40, 70, 52, 8, 55, 34, -23, -181, 36, -118, 13, -120, 145], [110, 2, -17, -145, -153, -7, 44, -77, -80, -20, -1, 77, -81, 57, 152, -9, -29, 42, -77], [-77, 35, 21, -47, 29, -49, 83, 100, 46, 21, -22, 148, -59, 102, -37, 70, 48, 38, 92], [109, 78, -47, 186, -23, -83, -3, -27, -48, -96, 27, 20, -82, -84, -118, 69, -100, -29, -94], [-30, 29, -39, 125, 68, 75, 3, 62, -90, 139, -11, 145, 15, 171, 69, 100, -123, -39, 1], [17, 8, -114, -109, -123, -11, 4, -10, -19, -34, 119, 67, -68, 17, 119, 75, -58, -91, 0]]

Teste 4 deu errado!
O resultado para
11
8
56
15
-90
-85
32
54
-85
-67
88
50
70
-100
8
-92
-57
-53
55
-19
90
73
-55
47
52
-88
27
40
-77
49
-89
-48
84
-57
-88
59
14
-66
-42
27
37
38
5
-76
-25
53
-99
39
27
97
-22
-95
69
-90
36
-64
98
94
24
36
-68
-13
-48
-99
-53
27
58
-95
-73
-92
91
-16
-78
12
-54
-46
-43
10
10
8
50
-68
-40
14
-43
89
-31
15
98
-25
-84
-46
-62
-42
59
64
32
90
-29
41
-56
-90
53
2
91
46
-26
58
58
29
81
4
-45
-75
-46
-15
-68
-96
33
-16
-29
56
63
17
58
-78
70
-97
-5
88
81
-2
17
-30
100
-48
83
-72
-70
0
-30
-66
0
-86
18
-68
-31
16
34
-35
-77
12
-11
65
-86
-52
-19
19
20
28
67
18
83
2
4
-90
86
100
48
-33
-96
56
-31
99
-63
-21
59
-47

deveria ser
-28 -31 -152 -127 91 118 -53 23
59 91 14 -190 61 -90 34 -7
29 39 148 102 26 51 7 -163
-19 25 -145 -47 -56 -64 55 -1
-25 76 72 -144 28 -70 32 126
86 -78 -8 23 1 -9 110 25
-92 -95 39 -156 36 -150 116 26
-7 52 -34 -48 -125 -87 -64 92
-28 -147 -92 -73 111 12 -11 30
29 -44 -39 -80 96 108 98 -101
-136 70 -74 188 -94 -6 157 -72
mas deu
[[-28, -31, -152, -127, 91, 118, -53, 23], [59, 91, 14, -190, 61, -90, 34, -7], [29, 39, 148, 102, 26, 51, 7, -163], [-19, 25, -145, -47, -56, -64, 55, -1], [-25, 76, 72, -144, 28, -70, 32, 126], [86, -78, -8, 23, 1, -9, 110, 25], [-92, -95, 39, -156, 36, -150, 116, 26], [-7, 52, -34, -48, -125, -87, -64, 92], [-28, -147, -92, -73, 111, 12, -11, 30], [29, -44, -39, -80, 96, 108, 98, -101], [-136, 70, -74, 188, -94, -6, 157, -72]]

Teste 5 deu errado!
O resultado para
5
15
74
72
38
-26
92
51
14
-70
100
71
60
-79
21
5
-13
-40
35
14
53
6
51
-29
60
9
-48
6
-92
-10
-48
-27
-66
-65
9
21
24
-39
-89
-4
84
40
44
71
99
50
51
64
-59
-76
-75
21
-2
78
-36
37
-56
-96
62
-58
-91
31
16
71
-21
91
-11
100
95
-90
36
-85
-89
-43
11
37
-25
100
-15
21
-24
52
-48
86
-51
33
-100
17
-98
89
22
23
10
40
-80
68
-74
10
-78
-92
-99
52
15
-59
6
-19
99
-97
93
-18
-71
80
-84
-3
-51
91
10
-66
96
-29
-44
-48
-84
51
30
31
15
97
-3
-27
-39
-46
22
-46
-24
95
-78
39
-37
94
38
-84
72
-96
-43
95
5
-11
-88
72
11
91

deveria ser
174 57 59 -50 144 3 100 -121 133 -29 77 -177 110 27 10
-30 75 -66 121 -68 61 -107 -32 -90 4 21 -151 -4 -67 72
-163 28 -9 -50 104 -123 -92 -55 175 50 -22 167 70 6 3
-20 -8 -46 -44 36 95 75 -63 -2 -102 -74 16 -82 4 -47
55 34 73 129 -95 172 -1 -133 131 -80 -100 -131 83 48 66
mas deu
[[174, 57, 59, -50, 144, 3, 100, -121, 133, -29, 77, -177, 110, 27, 10], [-30, 75, -66, 121, -68, 61, -107, -32, -90, 4, 21, -151, -4, -67, 72], [-163, 28, -9, -50, 104, -123, -92, -55, 175, 50, -22, 167, 70, 6, 3], [-20, -8, -46, -44, 36, 95, 75, -63, -2, -102, -74, 16, -82, 4, -47], [55, 34, 73, 129, -95, 172, -1, -133, 131, -80, -100, -131, 83, 48, 66]]

Teste 6 deu errado!
O resultado para
5
19
-1
-64
-35
-43
14
30
-46
-35
-67
-54
2
29
-7
14
-67
-2
-64
3
-13
80
57
-9
91
-84
36
18
-12
93
-2
24
22
38
9
98
-51
-46
100
77
-59
17
99
10
-82
42
12
64
-6
-96
70
100
-24
-87
5
24
-97
-51
-60
29
-58
88
-53
50
-33
-29
43
26
-74
-52
-68
61
71
-26
-70
-59
80
-32
-14
-1
-4
-89
65
81
44
-26
-29
-38
-1
54
-86
42
13
52
46
32
-28
-25
7
15
-40
-92
91
19
74
-57
27
100
57
-20
99
-51
-26
-75
8
-88
66
52
39
97
-17
-89
-36
84
14
90
9
-63
-39
-62
-15
27
11
16
-62
-82
79
78
50
-79
-87
81
71
74
-87
-31
18
7
57
14
53
52
10
-92
11
43
-65
26
-78
70
-45
-87
12
-69
39
-92
-97
-1
20
-6
-91
-70
74
-74
-34
28
-3
-47
-46
24
-31
-51
80
19
-2
-26
-75
-17
26
38
-28
-44

deveria ser
-26 -57 -20 -83 -78 121 -27 39 -124 -27 102 86 -27 113 -118 -28 -139 11 -101
146 109 30 188 -101 -53 -18 72 107 88 33 -41 -1 -53 83 -24 -35 116 15
-141 96 177 60 -161 -45 93 135 68 -183 39 118 -17 -30 19 77 -45 -41 -152
40 -15 23 -27 -28 37 -74 -44 38 -143 -13 -160 -36 70 -6 -76 -150 10 42
-88 -35 24 -92 18 35 68 -57 -80 42 18 52 -112 -33 -4 78 84 4 -72
mas deu
[[-26, -57, -20, -83, -78, 121, -27, 39, -124, -27, 102, 86, -27, 113, -118, -28, -139, 11, -101], [146, 109, 30, 188, -101, -53, -18, 72, 107, 88, 33, -41, -1, -53, 83, -24, -35, 116, 15], [-141, 96, 177, 60, -161, -45, 93, 135, 68, -183, 39, 118, -17, -30, 19, 77, -45, -41, -152], [40, -15, 23, -27, -28, 37, -74, -44, 38, -143, -13, -160, -36, 70, -6, -76, -150, 10, 42], [-88, -35, 24, -92, 18, 35, 68, -57, -80, 42, 18, 52, -112, -33, -4, 78, 84, 4, -72]]

Teste 7 deu errado!
O resultado para
6
7
33
-14
-59
29
-89
60
-7
-46
29
33
-21
93
-82
38
-33
-45
36
93
43
-50
80
-28
-50
-87
-55
16
44
68
-44
-21
96
-1
-47
-54
-15
-64
-74
-14
17
45
46
-82
86
-34
25
-18
-9
64
-70
20
-62
-78
88
-83
61
-54
16
59
-11
-85
69
-56
-46
-92
-29
-91
65
-34
-83
85
50
87
65
-49
-1
61
-74
9
91
-53
-56
-89
91
39

deveria ser
119 -48 -34 11 -98 124 -77
-26 -33 -45 67 10 -21 -16
-17 14 25 8 112 -106 34
-120 -79 -178 10 -18 -39 153
6 66 161 -50 -48 7 -89
-55 17 -67 -39 -44 137 -43
mas deu
[[119, -48, -34, 11, -98, 124, -77], [-26, -33, -45, 67, 10, -21, -16], [-17, 14, 25, 8, 112, -106, 34], [-120, -79, -178, 10, -18, -39, 153], [6, 66, 161, -50, -48, 7, -89], [-55, 17, -67, -39, -44, 137, -43]]

Teste 8 deu errado!
O resultado para
5
7
28
-63
-2
-38
77
-57
-59
-90
-88
-2
70
88
29
-65
-47
67
4
-94
83
-54
47
93
-86
27
-61
-6
-83
-100
-60
-49
-31
-72
47
-91
83
-97
-36
-92
96
-72
28
-76
-43
-44
-57
-61
15
100
-12
-45
-2
86
48
-58
89
-23
57
-16
81
-37
-40
19
3
-50
40
-16
-2
-44
-7
99

deveria ser
-69 -99 -94 58 5 -29 -135
-133 -132 -59 9 103 129 -77
-92 65 90 -46 25 35 24
150 -102 108 -98 -46 -64 -97
-110 -9 -47 -74 3 -98 182
mas deu
[[-69, -99, -94, 58, 5, -29, -135], [-133, -132, -59, 9, 103, 129, -77], [-92, 65, 90, -46, 25, 35, 24], [150, -102, 108, -98, -46, -64, -97], [-110, -9, -47, -74, 3, -98, 182]]

Teste 9 deu errado!
O resultado para
10
3
-13
-69
67
-56
100
-84
45
-12
70
42
-2
1
-65
10
-83
-85
-29
15
-16
-70
-21
43
-90
60
-93
-80
86
-97
40
38
19
-2
11
-69
-38
-81
-90
10
32
-36
-94
46
-86
-67
-67
-22
-7
-17
18
99
98
90
15
-80
26
-62
-66
-72
73
29

deveria ser
6 -71 78
-125 62 -165
-45 -2 102
6 -96 47
-151 -57 -150
-107 -36 -2
2 29 77
133 -75 -20
-67 -142 20
-169 113 67
mas deu
[[6, -71, 78], [-125, 62, -165], [-45, -2, 102], [6, -96, 47], [-151, -57, -150], [-107, -36, -2], [2, 29, 77], [133, -75, -20], [-67, -142, 20], [-169, 113, 67]]

Teste 10 deu errado!
O resultado para
12
9
-83
-90
-100
-62
-81
-73
-73
100
-86
63
-14
-13
-92
26
90
-70
34
50
-23
-57
-18
35
7
28
19
33
61
-88
49
13
-51
-74
-38
-67
-10
47
41
-9
73
-82
-84
48
-78
-39
54
67
-74
55
72
-77
-20
-30
-35
-95
45
67
-91
1
-5
39
-26
100
53
-35
66
-58
45
-83
95
-19
48
-58
90
6
-81
8
73
59
53
7
-19
-47
15
-51
72
99
20
-37
91
18
-14
-98
-69
-23
53
89
86
100
-39
73
-42
82
44
-74
-17
40
-89
76
59
83
-13
-61
58
-40
55
-95
70
84
-17
89
-26
25
-18
-12
-98
11
-98
52
37
-14
40
-28
-90
-39
26
9
-11
34
-1
-84
20
63
-14
-47
54
-43
53
25
48
93
33
-18
-40
-64
-16
-100
-18
7
-64
-9
21
-92
-8
-70
-47
12
-63
71
-44
55
-56
-82
-89
-83
-98
-96
22
-39
82
84
96
64
8
-33
-81
-15
-59
-71
65
-78
60
86
5
83
80
31
-25
-17
-15
1
76
-96
-11
76
26
80
-18
38
52
71
17
27
97
-82
15
-76

deveria ser
-24 -7 -113 -123 -23 -113 -18 5 -16
147 -31 76 -118 51 72 -82 -64 61
-121 -5 19 21 47 0 -71 -6 87
-79 38 47 -52 -158 -18 -4 -24 0
95 -52 126 -57 -36 141 -45 -57 14
3 -90 -45 54 -70 -84 -39 -14 -187
37 -3 -138 13 -68 110 -70 155 -3
-117 -23 -141 -53 -179 117 -58 130 26
186 70 -73 -25 -8 44 -6 -64 46
-125 75 35 77 182 100 -6 66 1
-29 -97 7 -119 42 165 112 180 -57
111 10 153 61 -47 80 -42 -74 0
mas deu
[[-24, -7, -113, -123, -23, -113, -18, 5, -16], [147, -31, 76, -118, 51, 72, -82, -64, 61], [-121, -5, 19, 21, 47, 0, -71, -6, 87], [-79, 38, 47, -52, -158, -18, -4, -24, 0], [95, -52, 126, -57, -36, 141, -45, -57, 14], [3, -90, -45, 54, -70, -84, -39, -14, -187], [37, -3, -138, 13, -68, 110, -70, 155, -3], [-117, -23, -141, -53, -179, 117, -58, 130, 26], [186, 70, -73, -25, -8, 44, -6, -64, 46], [-125, 75, 35, 77, 182, 100, -6, 66, 1], [-29, -97, 7, -119, 42, 165, 112, 180, -57], [111, 10, 153, 61, -47, 80, -42, -74, 0]]

Teste 11 deu errado!
Teste 12 deu errado!
Teste 13 deu errado!
Teste 14 deu errado!
Teste 15 deu errado!
Teste 16 deu errado!
Teste 17 deu errado!
Teste 18 deu errado!
Teste 19 deu errado!
Teste 20 deu errado!
Nota exercicio 1: 0.0
Procurando exercício 2...
Procurando exercício 3...
Procurando exercício 4...
Procurando exercício 5...
Procurando exercício 6...
Procurando exercício 7...
Procurando exercício 8...
Nota total: 0.0
{"scores": {"ex1": 0.0, "ex2": 0, "ex3": 0, "ex4": 0, "ex5": 0, "ex6": 0, "ex7": 0, "ex8": 0, "ex9": 0, "ex10": 0}}
