Varificando data de envio...
PRAZO MÁXIMO: 2021-09-27T23:59:59-03:00
Testando sua solucao...
Procurando exercício 1...
Exercício 1...
Teste 1 deu errado!
O resultado para
3
3
1
2
3
4
5
6
7
8
9
8
6
4
2
0
-2
-4
-6
-8

deveria ser
9 8 7
6 5 4
3 2 1
mas deu
[9, 8, 7]
[6, 5, 4]
[3, 2, 1]

Teste 2 deu errado!
O resultado para
1
1
-1
1

deveria ser
0
mas deu
[0]

Teste 3 deu errado!
O resultado para
3
7
78
-68
78
35
1
100
76
77
21
35
38
-10
48
12
-38
15
-80
-80
-80
-81
86
57
-59
-56
-26
90
87
-90
17
-1
8
-51
59
2
-50
-36
-87
73
25
66
-32
-9

deveria ser
135 -127 22 9 91 187 -14
94 20 43 -13 49 50 -38
-74 -72 -7 -55 -14 -113 77
mas deu
[135, -127, 22, 9, 91, 187, -14]
[94, 20, 43, -13, 49, 50, -38]
[-74, -72, -7, -55, -14, -113, 77]

Teste 4 deu errado!
O resultado para
7
13
-8
90
41
46
-29
55
-79
-69
17
-89
-46
-91
-31
-35
72
59
5
79
-44
-65
45
-71
-74
89
87
-63
-23
-53
-38
16
-61
-89
-97
21
41
-28
-53
37
-16
-73
98
-26
46
22
9
20
-80
-29
-2
99
14
11
89
-3
63
31
-24
-48
59
-19
-11
-31
-82
74
-49
18
-24
22
-44
-54
3
43
-25
-57
-4
69
-24
41
-88
51
59
23
91
53
-37
27
54
98
86
69
-10
-92
-38
-88
56
-99
34
-17
68
29
27
1
-49
59
54
16
13
13
-35
-17
-60
31
14
-19
-59
-88
79
44
18
91
46
-20
51
-85
51
93
-39
78
-70
61
32
-40
-22
0
-26
-13
-32
-16
-1
58
-54
15
-75
20
-34
-50
-48
-1
51
79
-39
38
14
63
-36
-64
47
-93
90
-24
27
-2
-71
6
11
41
44
52
34
-61
86
27
2
-35
-91
-22
-53
-55
-25
53
82
51

deveria ser
-100 52 -47 102 -128 89 -96 -1 46 -62 -45 -140 28
19 88 72 18 44 -61 -125 76 -57 -93 30 -1 16
21 -35 53 62 -81 -38 -182 72 134 -67 25 -33 45
-41 58 -48 46 -4 -4 -12 -96 -30 56 45 29 -64
109 -37 13 -17 -25 3 138 -58 27 -17 -19 38 -113
65 -117 112 -68 -27 1 -28 -19 -46 37 113 28 75
-149 137 86 25 56 -38 -59 -26 -1 73 139 151 41
mas deu
[-100, 52, -47, 102, -128, 89, -96, -1, 46, -62, -45, -140, 28]
[19, 88, 72, 18, 44, -61, -125, 76, -57, -93, 30, -1, 16]
[21, -35, 53, 62, -81, -38, -182, 72, 134, -67, 25, -33, 45]
[-41, 58, -48, 46, -4, -4, -12, -96, -30, 56, 45, 29, -64]
[109, -37, 13, -17, -25, 3, 138, -58, 27, -17, -19, 38, -113]
[65, -117, 112, -68, -27, 1, -28, -19, -46, 37, 113, 28, 75]
[-149, 137, 86, 25, 56, -38, -59, -26, -1, 73, 139, 151, 41]

Teste 5 deu errado!
O resultado para
12
4
26
23
97
-61
32
-23
-19
87
-9
80
-67
-39
-95
78
-97
84
76
7
80
-56
35
35
88
54
46
-40
49
-82
-52
40
42
-97
-49
37
7
-14
55
29
91
-91
91
10
-65
47
-94
-71
-27
-29
-51
-68
-9
-46
-61
-61
0
-77
-21
44
14
-25
69
30
-8
44
-18
-22
1
29
-100
70
-35
-3
45
-75
-61
53
45
-39
-81
-67
74
-48
72
-53
74
78
40
-71
78
28
-21
15
-59
-51
95
43

deveria ser
-25 -45 88 -107
-29 -84 -19 10
-30 124 -53 -64
-26 108 -105 128
58 -15 81 -27
-65 105 53 51
91 -115 -12 -29
-7 1 -39 -164
25 -11 79 -67
129 107 131 -162
169 38 -86 62
-153 -122 68 14
mas deu
[-25, -45, 88, -107]
[-29, -84, -19, 10]
[-30, 124, -53, -64]
[-26, 108, -105, 128]
[58, -15, 81, -27]
[-65, 105, 53, 51]
[91, -115, -12, -29]
[-7, 1, -39, -164]
[25, -11, 79, -67]
[129, 107, 131, -162]
[169, 38, -86, 62]
[-153, -122, 68, 14]

Teste 6 deu errado!
O resultado para
19
6
-4
45
6
99
65
-55
75
-75
-81
-44
19
-17
58
-2
-3
18
8
61
74
-13
40
28
-44
-99
18
-6
-46
28
-97
79
-4
-68
-82
67
-25
21
-96
42
-55
-86
-77
-10
90
-91
4
7
-38
78
19
9
-24
-28
-82
84
-36
-60
39
75
31
-10
-33
-14
-25
66
-50
-66
-31
1
76
-27
57
-45
83
17
50
-81
-43
79
59
46
-87
41
4
-92
-39
89
92
-80
82
-47
-66
14
33
22
-24
24
-76
-23
26
22
-42
-8
-85
-53
-67
89
44
-43
82
15
-45
-17
47
-34
70
-37
-50
-100
6
-62
-62
40
0
-1
26
58
-48
21
-36
38
-96
85
66
-98
17
-2
-22
99
14
88
-38
1
2
-25
7
-53
72
1
-79
-52
-55
-12
17
-51
-34
25
-90
-55
-3
-12
-60
20
91
11
-97
-88
-79
-55
79
-44
-25
-38
62
7
-94
-28
-29
16
11
78
-10
-12
18
-12
95
-59
-30
-56
-7
12
25
-11
-38
73
-26
-22
78
44
96
-69
-45
27
-41
21
78
41
-82
-26
-3
-24
89
-70
59
-37
-26
16
36
32
69
-96
-47
-4
87
74
9
31
-16
-38

deveria ser
66 8 -44 -1 71 -117
13 -35 -81 -45 45 41
10 19 -39 56 -88 146
140 -111 57 26 -66 0
32 82 -84 29 -95 54
3 -121 -10 68 -104 -31
-151 30 -38 -137 -111 15
0 -146 1 -5 -98 98
110 20 -121 -116 -161 29
43 -104 14 37 93 -3
-127 -42 -54 82 -39 12
-41 -11 94 -39 152 -104
53 -39 43 -69 -18 68
21 119 -113 19 82 -48
57 20 47 -53 41 -26
12 55 -49 -4 -27 0
13 -93 85 -15 -68 8
-49 -21 2 -7 -3 -47
169 89 -36 14 31 -72
mas deu
[66, 8, -44, -1, 71, -117]
[13, -35, -81, -45, 45, 41]
[10, 19, -39, 56, -88, 146]
[140, -111, 57, 26, -66, 0]
[32, 82, -84, 29, -95, 54]
[3, -121, -10, 68, -104, -31]
[-151, 30, -38, -137, -111, 15]
[0, -146, 1, -5, -98, 98]
[110, 20, -121, -116, -161, 29]
[43, -104, 14, 37, 93, -3]
[-127, -42, -54, 82, -39, 12]
[-41, -11, 94, -39, 152, -104]
[53, -39, 43, -69, -18, 68]
[21, 119, -113, 19, 82, -48]
[57, 20, 47, -53, 41, -26]
[12, 55, -49, -4, -27, 0]
[13, -93, 85, -15, -68, 8]
[-49, -21, 2, -7, -3, -47]
[169, 89, -36, 14, 31, -72]

Teste 7 deu errado!
O resultado para
11
7
-71
47
-91
-2
-27
-38
18
-22
30
-63
-72
-36
-21
28
41
-31
-17
-89
-6
-85
29
82
5
82
75
15
11
-99
-38
-79
66
32
-67
93
-66
-46
-79
-32
35
-84
54
72
37
34
54
89
-92
-57
80
99
-53
92
-87
56
-9
-59
-2
-76
65
-66
-88
-68
-45
8
65
14
17
-20
-89
30
-34
-59
79
-82
96
64
-14
76
-85
-7
-71
-1
83
-24
-49
15
-68
34
-15
60
-21
2
-61
67
-21
-60
-24
-81
35
47
-20
47
96
-31
45
8
-86
-100
56
5
91
-96
-51
-53
65
-24
-68
-88
86
59
-67
-12
-49
39
43
35
-54
-80
-13
77
13
-35
78
38
-98
-83
-21
22
51
50
41
8
-86
20
-37
26
-94
-52
48
59
63
72
-58
-100

deveria ser
5 -38 -98 -73 -28 45 -6
-71 45 -131 -38 -51 39 7
43 -92 50 -110 -66 -109 -52
117 52 62 122 111 -20 -54
-30 -165 -34 88 -62 184 -162
-97 -132 33 11 -152 -34 158
96 -33 42 40 -53 -14 115
45 -133 79 -10 69 -44 19
36 -174 -18 -87 -66 -17 5
49 73 -72 37 -57 -63 -64
-86 -11 138 -19 168 6 -114
mas deu
[5, -38, -98, -73, -28, 45, -6]
[-71, 45, -131, -38, -51, 39, 7]
[43, -92, 50, -110, -66, -109, -52]
[117, 52, 62, 122, 111, -20, -54]
[-30, -165, -34, 88, -62, 184, -162]
[-97, -132, 33, 11, -152, -34, 158]
[96, -33, 42, 40, -53, -14, 115]
[45, -133, 79, -10, 69, -44, 19]
[36, -174, -18, -87, -66, -17, 5]
[49, 73, -72, 37, -57, -63, -64]
[-86, -11, 138, -19, 168, 6, -114]

Teste 8 deu errado!
O resultado para
11
11
100
-14
-100
-97
33
90
-69
-65
-78
-84
32
6
54
23
15
-42
-35
-68
-28
70
65
39
42
23
94
-75
73
-24
12
-5
48
-18
69
-30
57
-25
-35
-84
80
-55
-67
-77
-3
5
25
-5
-56
25
14
-29
21
-69
-52
-56
38
73
-47
-23
-67
-81
11
-60
-19
8
-37
4
62
66
25
78
36
-96
-26
-66
99
-91
83
-35
76
39
-1
-43
-46
-69
9
70
-15
96
5
-88
30
0
-22
-62
93
-86
13
39
88
-93
24
83
-87
98
-35
76
-48
36
71
-33
-60
-14
93
82
41
58
37
-27
27
-81
-11
59
17
-59
35
68
-32
19
22
-34
72
40
-48
-77
26
80
-85
-5
-97
33
95
-76
22
47
-92
91
-84
-36
89
-27
33
-30
92
20
82
99
49
26
53
-32
-6
57
31
-2
57
-48
-35
-94
71
-86
52
59
47
-81
27
-67
-92
9
-100
-53
18
-94
76
89
-45
64
34
-60
-25
13
63
-17
31
-17
-24
64
50
-11
-58
86
-4
85
82
-70
72
26
-70
-42
-4
-100
90
77
-12
10
-61
-56
-3
-91
78
1
27
45
84
28
-99
-24
-62
-15
53
-60
-39
51
41
53
-46
-95
63
-30
90
-62
95
72

deveria ser
159 3 -159 -62 101 58 -50 -43 -112 -12 72
-42 -23 49 95 -127 -40 -165 5 165 -11 61
89 -69 185 -159 37 65 -15 28 18 74 89
52 156 24 -9 -31 48 -61 -10 -46 -5 62
-23 -40 -150 96 -72 23 80 -22 -133 -29 -29
-19 -38 -123 -120 -63 -83 16 70 -37 27 38
2 41 38 141 19 -65 -43 -90 163 -41 72
-93 162 35 84 39 -116 3 35 0 -57 92
-95 2 107 -12 -12 -123 37 -89 -78 117 89
-66 69 167 -59 -1 -59 14 -63 89 11 -72
-9 27 146 36 -54 121 7 63 -35 14 61
mas deu
[159, 3, -159, -62, 101, 58, -50, -43, -112, -12, 72]
[-42, -23, 49, 95, -127, -40, -165, 5, 165, -11, 61]
[89, -69, 185, -159, 37, 65, -15, 28, 18, 74, 89]
[52, 156, 24, -9, -31, 48, -61, -10, -46, -5, 62]
[-23, -40, -150, 96, -72, 23, 80, -22, -133, -29, -29]
[-19, -38, -123, -120, -63, -83, 16, 70, -37, 27, 38]
[2, 41, 38, 141, 19, -65, -43, -90, 163, -41, 72]
[-93, 162, 35, 84, 39, -116, 3, 35, 0, -57, 92]
[-95, 2, 107, -12, -12, -123, 37, -89, -78, 117, 89]
[-66, 69, 167, -59, -1, -59, 14, -63, 89, 11, -72]
[-9, 27, 146, 36, -54, 121, 7, 63, -35, 14, 61]

Teste 9 deu errado!
O resultado para
17
8
13
40
75
100
-51
91
23
-93
-41
-58
-39
-37
94
-31
48
-52
-55
66
59
-3
-15
65
50
-92
-6
40
43
-48
42
-83
-95
58
-11
-65
-48
81
67
-78
44
-35
16
-64
44
-32
-78
63
27
-23
63
19
3
26
46
18
44
44
-98
-99
6
-89
76
96
24
98
38
-72
-13
-35
33
35
-47
96
-61
-77
80
32
85
75
6
-55
-14
-83
22
32
-91
-31
-39
-97
12
-99
88
-74
-10
99
71
97
-23
3
28
80
12
21
24
2
-33
29
91
-97
-26
-98
-19
-89
58
-53
21
43
-79
88
43
26
-95
56
45
-75
-39
23
64
-70
-81
-26
-51
-48
7
4
10
67
13
41
76
-4
-12
-33
-30
38
70
18
-49
1
52
66
-11
46
-16
89
88
-89
47
-34
17
27
-81
59
-70
11
-96
-58
-19
75
44
-72
-57
-37
39
23
-77
-95
-40
-95
-52
94
13
-99
-35
55
53
-84
-88
-51
-9
61
-21
67
10
-56
-94
-98
-37
87
-78
64
-64
86
-42
1
73
-85
29
37
-5
82
-59
99
-91
-91
-94
-61
-89
37
28
90
-39
-90
-91
63
16
-96
-76
-54
81
10
-65
-90
-71
60
84
-88
-55
-38
66
-18
-15
47
-85
-78
-52
60
90
13
-8
-55
14
-75
-76
-26
-93
11
17
-78
-71
-33
-68
-9
-4
21
70
22
-10
-32
13
89
-46
-22

deveria ser
26 81 151 96 -63 58 -7 -55
29 -40 -88 -36 146 35 37 -6
-71 155 147 -92 32 31 67 -65
-87 99 -27 -37 -54 -141 -114 133
33 -137 -105 44 106 -55 -33 -130
-24 -159 -8 62 -65 -36 -8 32
116 -65 -85 -25 37 79 23 111
-88 -155 -88 -187 39 183 -54 162
-26 14 -55 -34 106 -50 -18 133
-66 5 21 131 -6 -16 -88 -116
-103 -46 50 122 -130 -121 -130 -34
28 -195 12 -128 71 109 6 7
-94 63 112 -8 -43 -17 90 -16
-48 76 6 -175 -78 -38 71 -76
50 -108 35 -32 -155 62 -50 37
-78 -22 -26 -108 -107 14 60 -49
-11 -4 -61 -80 20 93 -36 45
mas deu
[26, 81, 151, 96, -63, 58, -7, -55]
[29, -40, -88, -36, 146, 35, 37, -6]
[-71, 155, 147, -92, 32, 31, 67, -65]
[-87, 99, -27, -37, -54, -141, -114, 133]
[33, -137, -105, 44, 106, -55, -33, -130]
[-24, -159, -8, 62, -65, -36, -8, 32]
[116, -65, -85, -25, 37, 79, 23, 111]
[-88, -155, -88, -187, 39, 183, -54, 162]
[-26, 14, -55, -34, 106, -50, -18, 133]
[-66, 5, 21, 131, -6, -16, -88, -116]
[-103, -46, 50, 122, -130, -121, -130, -34]
[28, -195, 12, -128, 71, 109, 6, 7]
[-94, 63, 112, -8, -43, -17, 90, -16]
[-48, 76, 6, -175, -78, -38, 71, -76]
[50, -108, 35, -32, -155, 62, -50, 37]
[-78, -22, -26, -108, -107, 14, 60, -49]
[-11, -4, -61, -80, 20, 93, -36, 45]

Teste 10 deu errado!
O resultado para
11
7
-88
-47
70
90
40
64
47
-1
63
-70
69
-40
-90
-16
14
78
99
97
-54
59
53
58
67
-55
-20
-56
-84
-48
24
74
-95
51
68
86
-61
71
-37
-14
47
-86
17
44
83
90
-39
9
80
45
-35
-5
-79
17
35
-45
-72
37
82
-49
93
-3
-96
49
-48
-72
-78
25
-61
42
-19
-37
36
16
90
-43
18
80
69
55
77
85
7
39
-84
96
74
69
25
90
85
41
-30
64
-45
-23
26
11
-62
-91
5
-48
-90
0
3
-46
36
-36
78
-87
-68
-70
-14
43
-28
74
-78
-87
68
21
-43
-40
16
-26
95
74
93
-27
-55
15
69
-7
2
72
34
99
-24
-31
-35
-14
-10
-86
9
52
7
-84
17
-65
-41
-5
12
-58
-84
24
8
-62

deveria ser
-33 30 155 97 79 -20 143
73 132 -45 159 45 -49 -46
78 33 76 123 -43 -3 -38
63 19 -145 -20 -53 -130 -12
-12 152 -182 -17 -2 72 -18
43 37 -92 -40 -18 38 1
43 106 -65 104 154 138 -62
-60 -64 86 28 -43 0 71
181 -73 62 -38 -110 39 -134
-63 -26 32 -145 59 -84 -78
31 28 32 -127 42 88 7
mas deu
[-33, 30, 155, 97, 79, -20, 143]
[73, 132, -45, 159, 45, -49, -46]
[78, 33, 76, 123, -43, -3, -38]
[63, 19, -145, -20, -53, -130, -12]
[-12, 152, -182, -17, -2, 72, -18]
[43, 37, -92, -40, -18, 38, 1]
[43, 106, -65, 104, 154, 138, -62]
[-60, -64, 86, 28, -43, 0, 71]
[181, -73, 62, -38, -110, 39, -134]
[-63, -26, 32, -145, 59, -84, -78]
[31, 28, 32, -127, 42, 88, 7]

Teste 11 deu errado!
Teste 12 deu errado!
Teste 13 deu errado!
Teste 14 deu errado!
Teste 15 deu errado!
Teste 16 deu errado!
Teste 17 deu errado!
Teste 18 deu errado!
Teste 19 deu errado!
Teste 20 deu errado!
Nota exercicio 1: 0.0
Procurando exercício 2...
Procurando exercício 3...
Procurando exercício 4...
Procurando exercício 5...
Procurando exercício 6...
Procurando exercício 7...
Procurando exercício 8...
Nota total: 0.0
{"scores": {"ex1": 0.0, "ex2": 0, "ex3": 0, "ex4": 0, "ex5": 0, "ex6": 0, "ex7": 0, "ex8": 0, "ex9": 0, "ex10": 0}}
