Varificando data de envio...
PRAZO MÁXIMO: 2021-09-20T23:59:59-03:00
Testando sua solucao...
Procurando exercício 1...
Procurando exercício 2...
Exercício 2...
Teste 1: correto!
Teste 2: correto!
Teste 3 deu errado!
O resultado para
1
5
1

deveria ser
[1,2,3,4,5]
mas deu
[0, 1, 2, 3, 4, 5]

Teste 4: correto!
Teste 5: correto!
Teste 6: correto!
Teste 7: correto!
Teste 8: correto!
Teste 9: correto!
Teste 10: correto!
Teste 11 deu errado!
O resultado para
-386
-836
27

deveria ser
[-810, -783, -756, -729, -702, -675, -648, -621, -594, -567, -540, -513, -486, -459, -432, -405]
mas deu
[-837, -810, -783, -756, -729, -702, -675, -648, -621, -594, -567, -540, -513, -486, -459, -432, -405]

Teste 12 deu errado!
O resultado para
-177
-264
5

deveria ser
[-260, -255, -250, -245, -240, -235, -230, -225, -220, -215, -210, -205, -200, -195, -190, -185, -180]
mas deu
[-265, -260, -255, -250, -245, -240, -235, -230, -225, -220, -215, -210, -205, -200, -195, -190, -185, -180]

Teste 13: correto!
Teste 14: correto!
Teste 15: correto!
Teste 16: correto!
Teste 17: correto!
Teste 18: correto!
Teste 19 deu errado!
O resultado para
291
-304
1

deveria ser
[-304, -303, -302, -301, -300, -299, -298, -297, -296, -295, -294, -293, -292, -291, -290, -289, -288, -287, -286, -285, -284, -283, -282, -281, -280, -279, -278, -277, -276, -275, -274, -273, -272, -271, -270, -269, -268, -267, -266, -265, -264, -263, -262, -261, -260, -259, -258, -257, -256, -255, -254, -253, -252, -251, -250, -249, -248, -247, -246, -245, -244, -243, -242, -241, -240, -239, -238, -237, -236, -235, -234, -233, -232, -231, -230, -229, -228, -227, -226, -225, -224, -223, -222, -221, -220, -219, -218, -217, -216, -215, -214, -213, -212, -211, -210, -209, -208, -207, -206, -205, -204, -203, -202, -201, -200, -199, -198, -197, -196, -195, -194, -193, -192, -191, -190, -189, -188, -187, -186, -185, -184, -183, -182, -181, -180, -179, -178, -177, -176, -175, -174, -173, -172, -171, -170, -169, -168, -167, -166, -165, -164, -163, -162, -161, -160, -159, -158, -157, -156, -155, -154, -153, -152, -151, -150, -149, -148, -147, -146, -145, -144, -143, -142, -141, -140, -139, -138, -137, -136, -135, -134, -133, -132, -131, -130, -129, -128, -127, -126, -125, -124, -123, -122, -121, -120, -119, -118, -117, -116, -115, -114, -113, -112, -111, -110, -109, -108, -107, -106, -105, -104, -103, -102, -101, -100, -99, -98, -97, -96, -95, -94, -93, -92, -91, -90, -89, -88, -87, -86, -85, -84, -83, -82, -81, -80, -79, -78, -77, -76, -75, -74, -73, -72, -71, -70, -69, -68, -67, -66, -65, -64, -63, -62, -61, -60, -59, -58, -57, -56, -55, -54, -53, -52, -51, -50, -49, -48, -47, -46, -45, -44, -43, -42, -41, -40, -39, -38, -37, -36, -35, -34, -33, -32, -31, -30, -29, -28, -27, -26, -25, -24, -23, -22, -21, -20, -19, -18, -17, -16, -15, -14, -13, -12, -11, -10, -9, -8, -7, -6, -5, -4, -3, -2, -1, 0, 1, 2, 3, 4, 5, 6, 7, 8, 9, 10, 11, 12, 13, 14, 15, 16, 17, 18, 19, 20, 21, 22, 23, 24, 25, 26, 27, 28, 29, 30, 31, 32, 33, 34, 35, 36, 37, 38, 39, 40, 41, 42, 43, 44, 45, 46, 47, 48, 49, 50, 51, 52, 53, 54, 55, 56, 57, 58, 59, 60, 61, 62, 63, 64, 65, 66, 67, 68, 69, 70, 71, 72, 73, 74, 75, 76, 77, 78, 79, 80, 81, 82, 83, 84, 85, 86, 87, 88, 89, 90, 91, 92, 93, 94, 95, 96, 97, 98, 99, 100, 101, 102, 103, 104, 105, 106, 107, 108, 109, 110, 111, 112, 113, 114, 115, 116, 117, 118, 119, 120, 121, 122, 123, 124, 125, 126, 127, 128, 129, 130, 131, 132, 133, 134, 135, 136, 137, 138, 139, 140, 141, 142, 143, 144, 145, 146, 147, 148, 149, 150, 151, 152, 153, 154, 155, 156, 157, 158, 159, 160, 161, 162, 163, 164, 165, 166, 167, 168, 169, 170, 171, 172, 173, 174, 175, 176, 177, 178, 179, 180, 181, 182, 183, 184, 185, 186, 187, 188, 189, 190, 191, 192, 193, 194, 195, 196, 197, 198, 199, 200, 201, 202, 203, 204, 205, 206, 207, 208, 209, 210, 211, 212, 213, 214, 215, 216, 217, 218, 219, 220, 221, 222, 223, 224, 225, 226, 227, 228, 229, 230, 231, 232, 233, 234, 235, 236, 237, 238, 239, 240, 241, 242, 243, 244, 245, 246, 247, 248, 249, 250, 251, 252, 253, 254, 255, 256, 257, 258, 259, 260, 261, 262, 263, 264, 265, 266, 267, 268, 269, 270, 271, 272, 273, 274, 275, 276, 277, 278, 279, 280, 281, 282, 283, 284, 285, 286, 287, 288, 289, 290, 291]
mas deu
[-305, -304, -303, -302, -301, -300, -299, -298, -297, -296, -295, -294, -293, -292, -291, -290, -289, -288, -287, -286, -285, -284, -283, -282, -281, -280, -279, -278, -277, -276, -275, -274, -273, -272, -271, -270, -269, -268, -267, -266, -265, -264, -263, -262, -261, -260, -259, -258, -257, -256, -255, -254, -253, -252, -251, -250, -249, -248, -247, -246, -245, -244, -243, -242, -241, -240, -239, -238, -237, -236, -235, -234, -233, -232, -231, -230, -229, -228, -227, -226, -225, -224, -223, -222, -221, -220, -219, -218, -217, -216, -215, -214, -213, -212, -211, -210, -209, -208, -207, -206, -205, -204, -203, -202, -201, -200, -199, -198, -197, -196, -195, -194, -193, -192, -191, -190, -189, -188, -187, -186, -185, -184, -183, -182, -181, -180, -179, -178, -177, -176, -175, -174, -173, -172, -171, -170, -169, -168, -167, -166, -165, -164, -163, -162, -161, -160, -159, -158, -157, -156, -155, -154, -153, -152, -151, -150, -149, -148, -147, -146, -145, -144, -143, -142, -141, -140, -139, -138, -137, -136, -135, -134, -133, -132, -131, -130, -129, -128, -127, -126, -125, -124, -123, -122, -121, -120, -119, -118, -117, -116, -115, -114, -113, -112, -111, -110, -109, -108, -107, -106, -105, -104, -103, -102, -101, -100, -99, -98, -97, -96, -95, -94, -93, -92, -91, -90, -89, -88, -87, -86, -85, -84, -83, -82, -81, -80, -79, -78, -77, -76, -75, -74, -73, -72, -71, -70, -69, -68, -67, -66, -65, -64, -63, -62, -61, -60, -59, -58, -57, -56, -55, -54, -53, -52, -51, -50, -49, -48, -47, -46, -45, -44, -43, -42, -41, -40, -39, -38, -37, -36, -35, -34, -33, -32, -31, -30, -29, -28, -27, -26, -25, -24, -23, -22, -21, -20, -19, -18, -17, -16, -15, -14, -13, -12, -11, -10, -9, -8, -7, -6, -5, -4, -3, -2, -1, 0, 1, 2, 3, 4, 5, 6, 7, 8, 9, 10, 11, 12, 13, 14, 15, 16, 17, 18, 19, 20, 21, 22, 23, 24, 25, 26, 27, 28, 29, 30, 31, 32, 33, 34, 35, 36, 37, 38, 39, 40, 41, 42, 43, 44, 45, 46, 47, 48, 49, 50, 51, 52, 53, 54, 55, 56, 57, 58, 59, 60, 61, 62, 63, 64, 65, 66, 67, 68, 69, 70, 71, 72, 73, 74, 75, 76, 77, 78, 79, 80, 81, 82, 83, 84, 85, 86, 87, 88, 89, 90, 91, 92, 93, 94, 95, 96, 97, 98, 99, 100, 101, 102, 103, 104, 105, 106, 107, 108, 109, 110, 111, 112, 113, 114, 115, 116, 117, 118, 119, 120, 121, 122, 123, 124, 125, 126, 127, 128, 129, 130, 131, 132, 133, 134, 135, 136, 137, 138, 139, 140, 141, 142, 143, 144, 145, 146, 147, 148, 149, 150, 151, 152, 153, 154, 155, 156, 157, 158, 159, 160, 161, 162, 163, 164, 165, 166, 167, 168, 169, 170, 171, 172, 173, 174, 175, 176, 177, 178, 179, 180, 181, 182, 183, 184, 185, 186, 187, 188, 189, 190, 191, 192, 193, 194, 195, 196, 197, 198, 199, 200, 201, 202, 203, 204, 205, 206, 207, 208, 209, 210, 211, 212, 213, 214, 215, 216, 217, 218, 219, 220, 221, 222, 223, 224, 225, 226, 227, 228, 229, 230, 231, 232, 233, 234, 235, 236, 237, 238, 239, 240, 241, 242, 243, 244, 245, 246, 247, 248, 249, 250, 251, 252, 253, 254, 255, 256, 257, 258, 259, 260, 261, 262, 263, 264, 265, 266, 267, 268, 269, 270, 271, 272, 273, 274, 275, 276, 277, 278, 279, 280, 281, 282, 283, 284, 285, 286, 287, 288, 289, 290, 291]

Teste 20: correto!
Nota exercicio 2: 0.8
Procurando exercício 3...
Exercício 3...
Teste 1: correto!
Teste 2: correto!
Teste 3: correto!
Teste 4: correto!
Teste 5: correto!
Teste 6: correto!
Teste 7: correto!
Teste 8: correto!
Teste 9: correto!
Teste 10: correto!
Teste 11: correto!
Teste 12: correto!
Teste 13: correto!
Teste 14: correto!
Teste 15: correto!
Teste 16: correto!
Teste 17: correto!
Teste 18: correto!
Teste 19: correto!
Teste 20: correto!
Nota exercicio 3: 2.0
Procurando exercício 4...
Procurando exercício 5...
Exercício 5...
Teste 1: correto!
Teste 2: correto!
Teste 3: correto!
Teste 4: correto!
Teste 5: correto!
Teste 6: correto!
Teste 7: correto!
Teste 8: correto!
Teste 9: correto!
Teste 10: correto!
Teste 11: correto!
Teste 12: correto!
Teste 13: correto!
Teste 14: correto!
Teste 15: correto!
Teste 16: correto!
Teste 17: correto!
Teste 18: correto!
Teste 19: correto!
Teste 20: correto!
Nota exercicio 5: 2.0
Procurando exercício 6...
Exercício 6...
Teste 1: correto!
Teste 2: correto!
Teste 3: correto!
Teste 4: correto!
Teste 5: correto!
Teste 6: correto!
Teste 7: correto!
Teste 8: correto!
Teste 9: correto!
Teste 10: correto!
Teste 11: correto!
Teste 12: correto!
Teste 13: correto!
Teste 14: correto!
Teste 15: correto!
Teste 16: correto!
Teste 17: correto!
Teste 18: correto!
Teste 19: correto!
Teste 20: correto!
Nota exercicio 6: 1.0
Procurando exercício 7...
Exercício 7...
{4} {4}
Teste 1: correto!
set() set()
Teste 2: correto!
{4, 5} {4, 5}
Teste 3: correto!
set() set()
Teste 4: correto!
set() set()
Teste 5: correto!
{1, 4, 18, 21, 32, 34, 35, 39, 40, 41, 43, 51, 56, 63, 64, 91, 96, 98, 100} {1, 4, 18, 21, 32, 34, 35, 39, 40, 41, 43, 51, 56, 63, 64, 91, 96, 98, 100}
Teste 6: correto!
{4, 7, 8, 10, 13, 15, 16, 17, 18, 19, 25, 32, 33, 44, 50, 54, 56, 59, 63, 68, 70, 72, 73, 78, 80, 83, 88, 90, 93} {4, 7, 8, 10, 13, 15, 16, 17, 18, 19, 25, 32, 33, 44, 50, 54, 56, 59, 63, 68, 70, 72, 73, 78, 80, 83, 88, 90, 93}
Teste 7: correto!
{41, 7} {41, 7}
Teste 8: correto!
{75, 29, 46} {75, 29, 46}
Teste 9: correto!
{2, 35, 36, 38, 72, 44, 45, 15, 19, 84, 21, 87, 59} {2, 35, 36, 38, 72, 44, 45, 15, 19, 84, 21, 87, 59}
Teste 10: correto!
{1, 99, 4, 5, 3, 76, 78, 23, 60, 94, 63} {1, 3, 99, 4, 5, 76, 78, 23, 60, 94, 63}
Teste 11: correto!
{2, 6, 7, 8, 10, 13, 18, 20, 22, 23, 28, 35, 38, 42, 43, 44, 45, 48, 51, 54, 55, 57, 62, 63, 69, 80, 82, 83, 84, 90, 93, 96, 99, 100} {2, 6, 7, 8, 10, 13, 18, 20, 22, 23, 28, 35, 38, 42, 43, 44, 45, 48, 51, 54, 55, 57, 62, 63, 69, 80, 82, 83, 84, 90, 93, 96, 99, 100}
Teste 12: correto!
{2, 7, 11, 12, 15, 17, 21, 24, 26, 32, 34, 35, 41, 43, 44, 45, 46, 47, 48, 53, 55, 60, 61, 63, 69, 76, 77, 79, 81, 82, 84, 85, 86, 87, 96, 99} {2, 7, 11, 12, 15, 17, 21, 24, 26, 32, 34, 35, 41, 43, 44, 45, 46, 47, 48, 53, 55, 60, 61, 63, 69, 76, 77, 79, 81, 82, 84, 85, 86, 87, 96, 99}
Teste 13: correto!
{33, 20} {33, 20}
Teste 14: correto!
{34, 35, 60, 23} {34, 35, 60, 23}
Teste 15: correto!
{3, 4, 25, 28, 39, 41, 45, 54, 56, 63, 72, 73, 76, 77, 80, 83, 84, 88, 91, 92, 93, 95, 96} {3, 4, 25, 28, 39, 41, 45, 54, 56, 63, 72, 73, 76, 77, 80, 83, 84, 88, 91, 92, 93, 95, 96}
Teste 16: correto!
{2, 6, 13, 16, 25, 26, 31, 34, 46, 48, 59, 72, 74, 77, 78, 79, 85, 93, 95, 98} {2, 6, 13, 16, 25, 26, 31, 34, 46, 48, 59, 72, 74, 77, 78, 79, 85, 93, 95, 98}
Teste 17: correto!
{85, 93, 70} {93, 85, 70}
Teste 18: correto!
{8, 10, 83, 29} {8, 10, 83, 29}
Teste 19: correto!
{1, 4, 71, 8, 82, 61, 84, 59, 60, 29, 63} {1, 4, 71, 8, 82, 29, 84, 59, 60, 61, 63}
Teste 20: correto!
Nota exercicio 7: 2.0
Nota total: 7.8
{"scores": {"ex1": 0, "ex2": 0.8, "ex3": 2.0, "ex4": 0, "ex5": 2.0, "ex6": 1.0, "ex7": 2.0, "ex8": 0, "ex9": 0, "ex10": 0}}
