Varificando data de envio...
PRAZO MÁXIMO: 2021-11-30T23:59:59-03:00
Testando sua solucao...
Procurando exercício 1...
Exercício 1...
Se nao entender esse erro, peça ajuda ao professor:
tester.py, 172: TypeError - only size-1 arrays can be converted to Python scalars
Teste 1 deu errado!
O resultado para
([[1, 2, 3], [11, 12, 13], [1, 14, 10], [10, 20, 10]], [0, 1, 2, 3], [[4, 5, 6], [14, 15, 16], [5, 19, 10], [1, 10, 15]])
deveria ser
[0, 1, 3, 2]
mas deu
[0 1 3 2]
Se nao entender esse erro, peça ajuda ao professor:
tester.py, 172: TypeError - only size-1 arrays can be converted to Python scalars
Teste 2 deu errado!
O resultado para
([[20, 35, 37, 21, 39, 28, 15, 18, 39, 15, 22, 23], [10, 16, 24, 25, 24, 20, 30, 14, 21, 37, 11, 40], [13, 24, 26, 33, 33, 17, 23, 37, 18, 39, 32, 40], [22, 40, 18, 24, 29, 19, 34, 13, 12, 37, 19, 16], [27, 18, 22, 32, 22, 17, 36, 34, 37, 33, 11, 19], [17, 13, 21, 12, 37, 22, 37, 23, 37, 25, 16, 35], [33, 39, 15, 31, 27, 31, 36, 16, 17, 13, 31, 10], [15, 25, 18, 40, 33, 23, 28, 24, 11, 29, 24, 36], [26, 10, 40, 27, 21, 25, 12, 17, 24, 17, 39, 25], [34, 18, 23, 10, 17, 17, 20, 36, 25, 17, 19, 26], [19, 39, 25, 18, 27, 27, 31, 10, 18, 25, 14, 29], [19, 36, 12, 39, 24, 20, 16, 33, 31, 13, 26, 11], [14, 37, 29, 30, 28, 19, 18, 36, 10, 31, 32, 19], [36, 40, 39, 31, 12, 10, 17, 40, 40, 21, 38, 16], [31, 22, 32, 17, 38, 19, 31, 10, 37, 38, 11, 21], [32, 23, 15, 22, 19, 23, 12, 40, 29, 17, 26, 32], [33, 40, 35, 40, 15, 12, 17, 28, 16, 22, 34, 38], [31, 34, 27, 23, 24, 33, 39, 22, 34, 33, 18, 32], [40, 24, 34, 24, 37, 17, 29, 35, 36, 36, 23, 32], [11, 10, 11, 24, 39, 36, 39, 31, 38, 23, 21, 36], [12, 39, 38, 31, 27, 18, 22, 14, 34, 28, 18, 22], [13, 14, 19, 15, 31, 34, 26, 20, 21, 14, 22, 12], [39, 30, 11, 35, 22, 38, 36, 38, 28, 19, 36, 30], [14, 22, 32, 35, 15, 14, 37, 34, 39, 14, 31, 19], [23, 36, 38, 18, 25, 22, 22, 30, 23, 40, 31, 33], [38, 32, 38, 24, 25, 18, 15, 18, 17, 33, 34, 27], [19, 36, 35, 16, 12, 31, 30, 17, 33, 30, 27, 24], [23, 37, 33, 23, 21, 29, 14, 22, 13, 12, 40, 15], [30, 24, 20, 13, 14, 30, 27, 15, 21, 29, 25, 21], [29, 19, 20, 37, 15, 37, 18, 29, 40, 30, 18, 20], [19, 39, 19, 40, 34, 19, 10, 33, 27, 35, 19, 29], [24, 13, 13, 20, 22, 14, 15, 39, 37, 38, 39, 25], [37, 27, 20, 35, 37, 40, 21, 16, 27, 28, 14, 22], [27, 26, 39, 37, 10, 25, 28, 25, 39, 28, 37, 12], [28, 29, 39, 23, 40, 31, 26, 32, 34, 17, 32, 23], [24, 36, 33, 30, 35, 12, 24, 13, 28, 40, 37, 35], [14, 12, 38, 10, 39, 25, 38, 11, 33, 25, 40, 12], [15, 30, 39, 24, 40, 22, 37, 29, 10, 16, 16, 36], [14, 24, 22, 20, 15, 38, 14, 14, 20, 28, 35, 20], [38, 13, 17, 39, 18, 22, 40, 26, 37, 19, 35, 21], [36, 28, 18, 13, 29, 19, 14, 38, 11, 13, 25, 36], [25, 34, 30, 26, 35, 17, 34, 19, 33, 19, 14, 32], [27, 28, 23, 12, 26, 22, 33, 23, 33, 39, 26, 16], [22, 16, 28, 26, 31, 34, 17, 11, 10, 40, 23, 35], [14, 10, 26, 11, 32, 11, 19, 25, 20, 36, 30, 30], [12, 33, 33, 12, 35, 28, 16, 28, 30, 12, 18, 36], [32, 21, 25, 18, 24, 29, 18, 17, 24, 22, 29, 11], [31, 30, 19, 37, 18, 24, 24, 20, 16, 34, 34, 35], [13, 17, 21, 19, 26, 24, 38, 25, 22, 27, 28, 40], [36, 14, 39, 11, 10, 21, 22, 40, 12, 29, 38, 27], [37, 26, 20, 30, 38, 33, 28, 35, 11, 12, 31, 32], [19, 35, 30, 39, 16, 35, 21, 15, 40, 39, 13, 40], [30, 18, 31, 28, 22, 10, 31, 21, 30, 14, 27, 28], [22, 34, 22, 18, 22, 34, 13, 29, 16, 10, 26, 32], [27, 11, 40, 39, 25, 17, 35, 24, 13, 27, 26, 23], [24, 27, 33, 26, 40, 17, 36, 19, 37, 36, 30, 13], [28, 18, 22, 35, 18, 12, 19, 37, 13, 17, 19, 17], [22, 26, 15, 33, 20, 26, 26, 24, 14, 37, 39, 22], [38, 12, 24, 23, 33, 19, 35, 25, 40, 28, 31, 23], [12, 34, 17, 33, 22, 17, 32, 27, 21, 24, 17, 40], [15, 19, 23, 24, 24, 39, 12, 27, 37, 37, 26, 15], [11, 11, 37, 30, 30, 32, 12, 24, 14, 30, 26, 19], [26, 11, 39, 22, 14, 13, 30, 17, 32, 23, 27, 13], [18, 15, 22, 15, 38, 40, 26, 17, 15, 25, 23, 18], [40, 26, 14, 34, 22, 28, 24, 32, 26, 20, 14, 34], [31, 40, 33, 24, 18, 11, 19, 28, 16, 26, 40, 19], [13, 12, 21, 15, 36, 20, 21, 16, 12, 22, 14, 32], [10, 30, 40, 29, 22, 39, 39, 15, 26, 28, 10, 21], [22, 29, 39, 26, 38, 39, 34, 31, 21, 17, 15, 26], [28, 20, 20, 34, 29, 14, 30, 35, 17, 21, 23, 26], [17, 29, 26, 34, 11, 40, 28, 36, 10, 30, 25, 18], [37, 20, 33, 29, 37, 24, 21, 39, 37, 22, 19, 35], [12, 32, 23, 28, 29, 34, 39, 20, 32, 18, 25, 15], [35, 23, 22, 37, 23, 23, 22, 38, 22, 31, 13, 22], [32, 18, 29, 23, 37, 25, 19, 24, 30, 26, 34, 18], [35, 24, 32, 22, 38, 32, 13, 29, 19, 38, 20, 18], [26, 39, 33, 37, 30, 24, 15, 35, 20, 28, 13, 19], [10, 32, 33, 25, 37, 27, 17, 37, 37, 38, 19, 31], [18, 24, 36, 24, 23, 20, 19, 34, 10, 32, 15, 17], [24, 12, 20, 20, 10, 30, 11, 37, 17, 18, 21, 26], [17, 10, 25, 14, 28, 37, 19, 23, 30, 21, 27, 34], [10, 36, 32, 33, 36, 21, 18, 26, 29, 17, 38, 34], [25, 36, 24, 33, 38, 10, 21, 37, 24, 23, 23, 37], [25, 26, 20, 24, 33, 35, 38, 26, 30, 11, 28, 31], [23, 28, 34, 16, 30, 12, 27, 22, 32, 26, 14, 13], [27, 21, 38, 19, 32, 12, 21, 22, 16, 38, 11, 26]], ['dolorem', 'voluptatum', 'quasi', 'eligendi', 'ipsa', 'modi', 'vitae', 'occaecati', 'sapiente', 'molestiae', 'debitis', 'assumenda', 'aut', 'praesentium', 'doloremque', 'soluta', 'iste', 'necessitatibus', 'odit', 'incidunt', 'tempora', 'esse', 'quis', 'rerum', 'inventore', 'placeat', 'nihil', 'quas', 'natus', 'porro', 'consequuntur', 'quo', 'qui', 'soluta', 'necessitatibus', 'quod', 'nulla', 'iusto', 'repellendus', 'doloremque', 'inventore', 'id', 'non', 'voluptate', 'totam', 'esse', 'praesentium', 'dicta', 'iste', 'vel', 'perspiciatis', 'nesciunt', 'natus', 'esse', 'neque', 'corrupti', 'debitis', 'illum', 'maxime', 'magnam', 'ipsum', 'itaque', 'culpa', 'nemo', 'maiores', 'deserunt', 'minima', 'sed', 'unde', 'inventore', 'eaque', 'iure', 'neque', 'hic', 'temporibus', 'vel', 'fuga', 'magnam', 'error', 'tenetur', 'consectetur', 'dolor', 'porro', 'dolore', 'mollitia', 'facilis'], [[58, 51, 57, 48, 52, 51, 58, 27, 12, 50, 40, 44], [47, 20, 29, 12, 46, 9, 20, 54, 6, 40, 7, 17], [14, 48, 1, 46, 5, 56, 51, 17, 58, 55, 34, 39], [19, 23, 19, 7, 55, 25, 50, 37, 52, 3, 15, 25], [38, 30, 38, 36, 34, 10, 34, 41, 4, 32, 14, 35], [20, 7, 56, 51, 41, 55, 40, 16, 49, 11, 59, 50], [2, 3, 43, 46, 37, 9, 4, 25, 11, 53, 4, 38], [25, 24, 7, 33, 40, 50, 49, 20, 31, 19, 18, 12], [28, 39, 44, 14, 43, 60, 29, 28, 49, 31, 5, 17], [23, 3, 10, 7, 20, 31, 10, 32, 3, 48, 60, 55], [17, 31, 25, 30, 9, 41, 19, 45, 32, 27, 33, 13], [11, 14, 32, 10, 6, 58, 43, 34, 6, 22, 16, 15], [14, 43, 5, 18, 39, 20, 11, 34, 19, 42, 51, 52], [49, 38, 49, 30, 31, 21, 38, 40, 11, 42, 25, 10], [49, 15, 55, 7, 36, 40, 24, 55, 14, 30, 37, 44], [52, 4, 16, 13, 17, 16, 16, 42, 46, 11, 22, 23], [23, 40, 24, 32, 36, 26, 57, 33, 26, 54, 42, 38], [48, 5, 1, 29, 21, 44, 31, 56, 46, 10, 52, 56], [43, 36, 2, 54, 57, 1, 16, 43, 25, 5, 31, 3], [36, 9, 3, 17, 17, 15, 3, 22, 58, 19, 3, 3], [49, 24, 6, 38, 13, 38, 16, 20, 17, 49, 33, 20], [22, 32, 51, 48, 5, 58, 8, 16, 21, 29, 32, 57], [33, 17, 24, 18, 21, 12, 36, 23, 1, 47, 34, 9], [10, 4, 16, 44, 3, 51, 11, 15, 51, 58, 4, 46], [17, 41, 10, 50, 47, 39, 33, 24, 7, 52, 33, 12], [19, 23, 30, 44, 18, 57, 52, 10, 23, 49, 16, 43], [56, 36, 15, 56, 35, 53, 40, 9, 25, 29, 7, 51], [13, 18, 40, 17, 2, 1, 31, 21, 21, 58, 17, 8], [40, 42, 23, 8, 30, 8, 27, 39, 44, 59, 24, 55], [54, 43, 26, 58, 2, 37, 21, 36, 40, 52, 32, 25], [30, 21, 13, 28, 38, 60, 37, 46, 38, 49, 55, 14], [45, 15, 58, 15, 48, 14, 50, 39, 14, 54, 36, 31], [8, 21, 26, 54, 19, 9, 41, 51, 26, 56, 35, 28], [15, 48, 7, 15, 13, 37, 57, 17, 29, 31, 39, 42], [45, 18, 60, 11, 33, 21, 34, 43, 25, 15, 21, 24], [2, 30, 58, 25, 32, 13, 57, 29, 38, 55, 15, 30], [37, 55, 15, 58, 56, 4, 22, 21, 29, 6, 35, 26], [24, 55, 55, 9, 36, 42, 24, 47, 5, 14, 34, 5], [29, 46, 27, 43, 45, 60, 55, 9, 40, 10, 52, 34], [38, 20, 43, 27, 56, 49, 44, 25, 43, 41, 14, 22], [57, 26, 23, 17, 46, 54, 14, 8, 28, 37, 43, 12], [9, 9, 13, 8, 52, 26, 43, 39, 5, 44, 30, 21], [15, 46, 19, 34, 4, 54, 55, 38, 27, 13, 48, 12], [28, 23, 59, 26, 48, 18, 6, 29, 27, 8, 49, 46], [55, 22, 24, 21, 24, 16, 41, 51, 60, 30, 32, 56], [13, 11, 58, 55, 20, 20, 47, 38, 8, 39, 12, 30], [21, 23, 5, 28, 43, 30, 32, 35, 5, 42, 9, 22], [15, 29, 45, 55, 57, 11, 4, 1, 47, 12, 1, 52], [56, 23, 41, 49, 16, 17, 1, 15, 20, 24, 25, 42], [38, 20, 32, 24, 39, 45, 23, 53, 25, 39, 56, 47], [12, 11, 41, 39, 41, 13, 45, 21, 19, 23, 48, 16], [50, 10, 20, 59, 59, 34, 27, 22, 4, 3, 33, 8], [47, 42, 11, 43, 31, 47, 55, 12, 16, 30, 50, 39], [7, 47, 44, 19, 52, 39, 21, 48, 32, 29, 51, 14], [8, 46, 11, 10, 27, 40, 33, 31, 19, 14, 7, 24], [26, 5, 17, 25, 10, 53, 16, 37, 40, 27, 30, 33], [27, 2, 42, 57, 40, 33, 40, 38, 36, 43, 16, 46], [6, 37, 24, 45, 18, 17, 39, 55, 17, 50, 22, 51], [47, 21, 12, 35, 46, 16, 48, 51, 37, 27, 44, 42], [57, 25, 26, 45, 11, 15, 57, 11, 22, 37, 52, 20], [1, 20, 50, 33, 14, 32, 60, 50, 57, 3, 16, 26], [48, 17, 10, 21, 35, 11, 2, 52, 53, 27, 5, 12], [52, 47, 40, 14, 13, 35, 27, 37, 40, 18, 38, 29], [19, 36, 15, 38, 45, 26, 10, 27, 44, 22, 22, 24], [57, 6, 12, 9, 2, 55, 19, 36, 1, 10, 52, 54], [39, 10, 26, 54, 44, 31, 47, 49, 54, 46, 40, 15], [4, 3, 51, 19, 11, 8, 53, 44, 19, 50, 27, 15], [39, 13, 18, 6, 35, 54, 25, 55, 34, 40, 3, 27], [36, 18, 26, 10, 22, 20, 15, 30, 46, 49, 3, 6], [40, 27, 2, 34, 13, 13, 41, 7, 43, 56, 35, 7], [1, 54, 11, 18, 4, 8, 13, 14, 39, 20, 26, 4], [55, 1, 43, 46, 19, 27, 7, 42, 15, 50, 59, 7], [51, 46, 18, 7, 11, 52, 10, 39, 6, 31, 19, 54], [38, 49, 16, 59, 54, 53, 49, 19, 24, 44, 56, 7], [44, 20, 1, 1, 29, 31, 6, 60, 49, 48, 58, 13], [50, 57, 40, 4, 49, 50, 29, 13, 51, 12, 46, 36], [5, 35, 60, 10, 53, 53, 25, 12, 39, 12, 28, 41], [30, 46, 48, 56, 34, 14, 37, 35, 47, 11, 40, 28], [59, 37, 20, 47, 18, 2, 15, 60, 26, 31, 22, 27], [24, 48, 59, 4, 16, 47, 36, 21, 59, 41, 21, 18], [35, 13, 5, 12, 3, 5, 38, 8, 60, 39, 14, 39], [60, 35, 40, 25, 60, 52, 35, 29, 41, 44, 33, 52], [2, 44, 19, 48, 17, 35, 35, 31, 52, 54, 52, 29], [7, 32, 29, 27, 38, 35, 45, 17, 28, 49, 39, 57], [38, 9, 12, 41, 23, 18, 49, 10, 58, 27, 22, 37], [20, 46, 9, 24, 59, 16, 29, 59, 28, 6, 41, 44]])
deveria ser
['iste', 'vel', 'iste', 'esse', 'inventore', 'iste', 'consequuntur', 'doloremque', 'nemo', 'quo', 'soluta', 'nemo', 'quasi', 'odit', 'vel', 'esse', 'deserunt', 'quis', 'assumenda', 'consectetur', 'maiores', 'iste', 'vitae', 'voluptatum', 'occaecati', 'iste', 'debitis', 'mollitia', 'porro', 'odit', 'soluta', 'odit', 'magnam', 'iste', 'vel', 'magnam', 'natus', 'nemo', 'deserunt', 'doloremque', 'odit', 'incidunt', 'deserunt', 'sapiente', 'iste', 'neque', 'sed', 'doloremque', 'iste', 'quasi', 'neque', 'vitae', 'maiores', 'necessitatibus', 'esse', 'porro', 'incidunt', 'magnam', 'odit', 'odit', 'rerum', 'odit', 'odit', 'dolorem', 'inventore', 'doloremque', 'soluta', 'doloremque', 'doloremque', 'doloremque', 'praesentium', 'consequuntur', 'maiores', 'doloremque', 'odit', 'odit', 'esse', 'assumenda', 'maiores', 'nemo', 'doloremque', 'odit', 'deserunt', 'magnam', 'doloremque', 'deserunt']
mas deu
['iste' 'vel' 'iste' 'esse' 'inventore' 'iste' 'consequuntur' 'doloremque'
 'nemo' 'quo' 'soluta' 'nemo' 'quasi' 'odit' 'vel' 'esse' 'deserunt'
 'quis' 'assumenda' 'consectetur' 'maiores' 'iste' 'vitae' 'voluptatum'
 'occaecati' 'iste' 'debitis' 'mollitia' 'porro' 'odit' 'soluta' 'odit'
 'magnam' 'iste' 'vel' 'magnam' 'natus' 'nemo' 'deserunt' 'doloremque'
 'odit' 'incidunt' 'deserunt' 'sapiente' 'iste' 'neque' 'sed' 'doloremque'
 'iste' 'quasi' 'neque' 'vitae' 'maiores' 'necessitatibus' 'esse' 'porro'
 'incidunt' 'magnam' 'odit' 'odit' 'rerum' 'odit' 'odit' 'dolorem'
 'inventore' 'doloremque' 'soluta' 'doloremque' 'doloremque' 'doloremque'
 'praesentium' 'consequuntur' 'maiores' 'doloremque' 'odit' 'odit' 'esse'
 'assumenda' 'maiores' 'nemo' 'doloremque' 'odit' 'deserunt' 'magnam'
 'doloremque' 'deserunt']
Se nao entender esse erro, peça ajuda ao professor:
tester.py, 172: TypeError - only size-1 arrays can be converted to Python scalars
Teste 3 deu errado!
O resultado para
([[36, 29, 17, 29, 39, 36, 20, 24, 12, 22], [18, 25, 14, 39, 14, 25, 40, 22, 38, 28], [23, 23, 25, 13, 14, 16, 31, 24, 26, 11], [32, 11, 29, 33, 13, 24, 29, 33, 14, 25], [38, 39, 30, 37, 21, 33, 18, 28, 20, 10], [16, 18, 14, 33, 11, 27, 29, 17, 31, 22], [27, 25, 34, 16, 27, 16, 13, 17, 13, 36], [13, 34, 20, 26, 19, 23, 24, 38, 23, 31], [40, 24, 34, 33, 40, 18, 19, 26, 38, 36], [34, 33, 19, 39, 10, 14, 23, 15, 15, 13], [37, 27, 27, 37, 16, 10, 11, 16, 38, 11], [16, 15, 28, 34, 17, 15, 21, 32, 13, 28], [25, 29, 28, 11, 39, 20, 33, 38, 21, 14], [30, 28, 32, 24, 40, 35, 22, 13, 18, 12], [40, 38, 31, 11, 31, 33, 22, 17, 13, 24], [32, 38, 23, 39, 22, 31, 11, 10, 10, 10], [32, 19, 13, 30, 40, 11, 24, 24, 29, 10], [14, 28, 20, 28, 21, 18, 13, 12, 33, 14], [15, 32, 24, 36, 23, 17, 14, 30, 13, 36], [10, 22, 32, 19, 33, 25, 17, 18, 39, 11], [17, 10, 27, 35, 35, 22, 33, 39, 13, 27], [18, 10, 17, 19, 30, 18, 40, 39, 22, 14], [19, 18, 20, 17, 31, 40, 36, 16, 36, 23], [19, 15, 25, 30, 27, 27, 15, 40, 32, 28], [13, 22, 12, 24, 34, 28, 37, 25, 15, 33], [28, 36, 32, 20, 24, 14, 14, 14, 36, 32], [32, 14, 19, 33, 37, 25, 36, 40, 18, 14], [38, 15, 15, 34, 17, 19, 22, 38, 22, 33], [26, 21, 22, 15, 33, 37, 19, 27, 22, 23], [34, 12, 40, 10, 34, 15, 27, 13, 10, 34], [40, 40, 17, 33, 23, 15, 29, 28, 19, 24], [36, 33, 32, 32, 16, 37, 11, 20, 29, 20], [19, 18, 38, 32, 34, 40, 11, 36, 11, 30], [12, 11, 24, 16, 26, 32, 39, 37, 39, 35], [22, 28, 14, 39, 18, 34, 33, 29, 10, 35], [19, 38, 38, 13, 16, 39, 22, 22, 40, 11], [21, 38, 28, 13, 17, 30, 36, 17, 20, 21], [30, 37, 27, 26, 15, 34, 17, 13, 10, 38], [37, 18, 28, 27, 31, 39, 26, 30, 11, 14], [11, 28, 39, 25, 14, 16, 28, 18, 10, 19], [33, 18, 28, 16, 34, 38, 21, 40, 31, 12], [31, 26, 34, 11, 17, 24, 37, 15, 24, 38], [34, 16, 37, 37, 13, 31, 25, 26, 11, 38], [37, 24, 32, 30, 23, 12, 39, 21, 18, 18], [16, 34, 10, 35, 23, 26, 28, 24, 28, 29], [15, 20, 19, 39, 13, 39, 23, 31, 16, 27], [39, 40, 23, 18, 39, 31, 13, 36, 18, 23], [18, 22, 17, 37, 24, 32, 18, 29, 22, 37], [15, 28, 12, 38, 13, 18, 16, 40, 35, 10], [38, 12, 15, 29, 13, 21, 12, 37, 16, 26], [34, 27, 12, 26, 30, 39, 32, 17, 18, 16], [23, 28, 17, 33, 15, 10, 24, 36, 40, 33], [16, 39, 36, 14, 33, 34, 15, 34, 13, 40], [32, 33, 22, 35, 11, 12, 22, 35, 16, 18], [22, 15, 23, 18, 40, 38, 38, 23, 32, 12], [15, 39, 16, 27, 14, 40, 36, 38, 22, 34], [11, 36, 28, 38, 26, 28, 13, 37, 17, 21], [29, 35, 18, 15, 34, 26, 29, 37, 30, 29], [28, 38, 40, 20, 31, 38, 25, 15, 25, 20], [13, 40, 33, 11, 13, 14, 21, 36, 20, 36], [33, 13, 15, 12, 10, 39, 28, 32, 29, 35], [21, 30, 35, 25, 38, 32, 36, 31, 32, 35], [38, 38, 35, 28, 16, 32, 21, 20, 24, 23], [40, 40, 25, 24, 38, 16, 31, 32, 39, 15], [10, 14, 23, 33, 21, 26, 28, 13, 17, 13], [38, 14, 21, 20, 36, 12, 38, 23, 11, 23], [32, 20, 17, 11, 32, 18, 18, 28, 31, 37], [28, 38, 34, 33, 37, 10, 33, 40, 34, 30], [34, 18, 28, 39, 35, 15, 15, 25, 18, 29], [13, 21, 19, 35, 33, 10, 26, 33, 25, 24], [37, 27, 23, 12, 15, 12, 21, 20, 19, 36], [15, 33, 37, 27, 35, 14, 33, 14, 24, 29], [40, 40, 36, 27, 15, 14, 29, 37, 15, 14], [20, 36, 27, 12, 27, 17, 30, 28, 22, 26], [33, 13, 25, 25, 15, 39, 21, 14, 21, 35]], ['magnam', 'enim', 'cum', 'mollitia', 'nemo', 'velit', 'pariatur', 'quos', 'quam', 'ab', 'dignissimos', 'minus', 'excepturi', 'repellat', 'doloribus', 'perspiciatis', 'laboriosam', 'officia', 'illo', 'enim', 'molestiae', 'similique', 'ex', 'in', 'eos', 'eaque', 'adipisci', 'deserunt', 'libero', 'commodi', 'doloremque', 'voluptatum', 'asperiores', 'quaerat', 'vitae', 'ad', 'voluptatibus', 'deserunt', 'id', 'praesentium', 'veniam', 'omnis', 'autem', 'occaecati', 'beatae', 'aperiam', 'nostrum', 'eaque', 'dicta', 'iusto', 'cum', 'deleniti', 'similique', 'ab', 'natus', 'delectus', 'vel', 'dicta', 'ut', 'esse', 'accusantium', 'excepturi', 'odit', 'soluta', 'est', 'sint', 'corporis', 'omnis', 'esse', 'blanditiis', 'similique', 'labore', 'officiis', 'iure', 'nisi'], [[58, 11, 31, 36, 13, 48, 47, 52, 55, 27], [38, 58, 12, 2, 18, 39, 49, 50, 53, 48], [11, 6, 1, 4, 43, 19, 24, 42, 29, 25], [26, 8, 31, 45, 8, 38, 11, 20, 30, 25], [27, 36, 5, 24, 28, 9, 24, 39, 32, 57], [20, 26, 8, 35, 49, 38, 23, 7, 4, 10], [14, 13, 8, 38, 13, 15, 17, 3, 26, 54], [28, 32, 22, 51, 40, 15, 25, 54, 10, 37], [5, 55, 26, 11, 35, 17, 14, 55, 56, 44], [43, 27, 17, 12, 39, 54, 41, 21, 38, 53], [53, 7, 4, 49, 22, 52, 46, 39, 29, 55], [9, 9, 43, 1, 35, 60, 33, 8, 21, 17], [33, 34, 42, 48, 54, 26, 13, 2, 51, 34], [53, 42, 14, 30, 18, 42, 46, 27, 21, 3], [48, 35, 50, 46, 56, 38, 33, 41, 4, 39], [10, 58, 1, 24, 11, 55, 29, 56, 55, 19], [25, 52, 6, 54, 31, 29, 50, 2, 55, 19], [40, 59, 6, 25, 56, 59, 24, 27, 4, 2], [29, 39, 53, 24, 52, 5, 59, 34, 33, 34], [5, 44, 13, 56, 36, 42, 48, 13, 48, 56], [43, 58, 7, 23, 12, 18, 56, 51, 53, 34], [45, 46, 1, 23, 2, 35, 9, 51, 55, 28], [16, 50, 53, 29, 46, 41, 34, 21, 9, 17], [17, 54, 49, 19, 15, 4, 49, 14, 53, 18], [53, 23, 8, 1, 26, 26, 3, 53, 20, 60], [5, 28, 1, 9, 51, 17, 26, 14, 41, 11], [12, 45, 8, 34, 57, 18, 45, 51, 45, 3], [2, 39, 31, 43, 45, 54, 31, 14, 32, 59], [1, 36, 59, 15, 20, 34, 49, 56, 24, 9], [47, 24, 37, 52, 2, 1, 54, 54, 57, 34], [45, 57, 25, 54, 41, 47, 24, 13, 43, 3], [11, 45, 34, 11, 37, 23, 49, 14, 29, 1], [53, 58, 25, 33, 19, 20, 53, 56, 23, 32], [53, 20, 50, 27, 38, 26, 59, 45, 1, 48], [7, 16, 13, 3, 14, 11, 12, 29, 50, 32], [14, 1, 32, 34, 31, 19, 53, 29, 51, 53], [10, 2, 45, 49, 6, 59, 24, 56, 1, 53], [13, 32, 20, 12, 1, 58, 33, 32, 22, 12], [19, 38, 11, 31, 2, 11, 17, 58, 54, 11], [32, 23, 7, 19, 55, 11, 47, 33, 58, 39], [60, 7, 52, 10, 55, 20, 32, 54, 12, 42], [12, 4, 22, 2, 5, 59, 23, 17, 7, 57], [49, 24, 55, 54, 40, 34, 31, 21, 45, 40], [53, 36, 4, 33, 46, 42, 54, 14, 59, 4], [13, 60, 46, 54, 14, 51, 23, 42, 36, 29], [2, 10, 17, 28, 12, 1, 45, 33, 3, 25], [58, 10, 34, 29, 7, 55, 44, 46, 33, 45], [4, 43, 39, 48, 38, 18, 56, 33, 30, 60], [15, 28, 48, 18, 16, 30, 45, 43, 32, 28], [7, 23, 60, 4, 50, 33, 37, 33, 56, 1], [9, 26, 50, 10, 20, 4, 41, 45, 44, 5], [22, 8, 54, 47, 34, 4, 53, 60, 57, 18], [51, 37, 19, 57, 49, 9, 18, 57, 60, 20], [53, 51, 28, 52, 40, 8, 55, 16, 21, 35], [59, 7, 28, 20, 10, 54, 8, 46, 11, 51], [28, 57, 46, 60, 46, 27, 51, 35, 12, 27], [4, 5, 4, 30, 9, 30, 57, 20, 1, 31], [46, 31, 3, 50, 17, 53, 49, 6, 33, 35], [2, 28, 54, 38, 22, 57, 7, 23, 58, 19], [3, 27, 51, 43, 28, 12, 38, 52, 56, 17], [59, 29, 22, 46, 11, 48, 6, 16, 20, 56], [35, 39, 3, 17, 22, 12, 55, 23, 41, 16], [23, 41, 11, 40, 7, 53, 15, 23, 58, 4], [24, 48, 25, 27, 42, 46, 1, 47, 55, 5], [39, 59, 22, 42, 27, 40, 10, 55, 26, 60], [51, 25, 6, 46, 46, 8, 26, 48, 20, 59], [9, 20, 9, 26, 47, 8, 53, 27, 39, 36], [54, 39, 28, 26, 45, 56, 42, 50, 14, 5], [48, 48, 46, 18, 11, 24, 48, 45, 22, 54], [59, 27, 52, 20, 17, 55, 18, 12, 49, 24], [57, 51, 20, 21, 4, 50, 4, 2, 20, 60], [60, 22, 58, 15, 46, 34, 8, 1, 41, 19], [10, 38, 56, 40, 21, 28, 24, 29, 29, 60], [4, 35, 42, 6, 44, 24, 35, 20, 50, 5], [25, 32, 23, 43, 9, 41, 49, 28, 4, 19]])
deveria ser
['enim', 'quaerat', 'dicta', 'ab', 'dicta', 'perspiciatis', 'beatae', 'vitae', 'enim', 'enim', 'similique', 'est', 'ut', 'nemo', 'excepturi', 'delectus', 'enim', 'laboriosam', 'omnis', 'enim', 'dicta', 'dicta', 'praesentium', 'enim', 'similique', 'enim', 'dicta', 'omnis', 'similique', 'enim', 'enim', 'similique', 'doloremque', 'similique', 'deleniti', 'quaerat', 'autem', 'delectus', 'dicta', 'omnis', 'excepturi', 'accusantium', 'quam', 'enim', 'ut', 'blanditiis', 'similique', 'excepturi', 'excepturi', 'excepturi', 'enim', 'similique', 'dicta', 'omnis', 'mollitia', 'excepturi', 'accusantium', 'beatae', 'enim', 'enim', 'ab', 'enim', 'ab', 'soluta', 'similique', 'similique', 'enim', 'excepturi', 'similique', 'ut', 'perspiciatis', 'perspiciatis', 'similique', 'enim', 'ab']
mas deu
['enim' 'quaerat' 'dicta' 'ab' 'dicta' 'perspiciatis' 'beatae' 'vitae'
 'enim' 'enim' 'similique' 'est' 'ut' 'nemo' 'excepturi' 'delectus' 'enim'
 'laboriosam' 'omnis' 'enim' 'dicta' 'dicta' 'praesentium' 'enim'
 'similique' 'enim' 'dicta' 'omnis' 'similique' 'enim' 'enim' 'similique'
 'doloremque' 'similique' 'deleniti' 'quaerat' 'autem' 'delectus' 'dicta'
 'omnis' 'excepturi' 'accusantium' 'quam' 'enim' 'ut' 'blanditiis'
 'similique' 'excepturi' 'excepturi' 'excepturi' 'enim' 'similique'
 'dicta' 'omnis' 'mollitia' 'excepturi' 'accusantium' 'beatae' 'enim'
 'enim' 'ab' 'enim' 'ab' 'soluta' 'similique' 'similique' 'enim'
 'excepturi' 'similique' 'ut' 'perspiciatis' 'perspiciatis' 'similique'
 'enim' 'ab']
Se nao entender esse erro, peça ajuda ao professor:
tester.py, 172: TypeError - only size-1 arrays can be converted to Python scalars
Teste 4 deu errado!
O resultado para
([[33, 34, 11, 18, 31, 12, 15, 12, 11, 12, 36, 32, 35, 27, 25, 27, 28, 16], [19, 16, 39, 37, 33, 38, 18, 17, 21, 35, 15, 38, 18, 27, 32, 16, 21, 25], [22, 21, 10, 16, 30, 21, 40, 26, 22, 38, 13, 17, 23, 10, 30, 10, 16, 36], [30, 37, 27, 40, 37, 16, 20, 13, 17, 22, 16, 40, 32, 17, 23, 10, 30, 34], [15, 38, 16, 30, 17, 37, 16, 31, 37, 37, 17, 34, 39, 15, 21, 21, 27, 24], [16, 39, 28, 18, 18, 33, 26, 25, 12, 23, 17, 26, 37, 37, 12, 38, 25, 38], [10, 12, 21, 14, 40, 10, 26, 18, 32, 15, 24, 28, 23, 18, 33, 13, 29, 14], [40, 17, 18, 23, 24, 25, 15, 17, 40, 40, 22, 32, 26, 11, 40, 19, 33, 22], [27, 12, 31, 19, 14, 13, 20, 17, 23, 36, 35, 27, 14, 26, 28, 36, 22, 24], [13, 21, 17, 11, 32, 18, 38, 14, 37, 19, 15, 29, 18, 29, 30, 37, 23, 11], [40, 34, 40, 27, 11, 17, 17, 36, 29, 39, 16, 38, 10, 26, 24, 36, 27, 29], [32, 23, 16, 18, 32, 29, 37, 30, 35, 10, 34, 26, 10, 25, 19, 27, 38, 27], [18, 14, 40, 30, 23, 37, 34, 13, 33, 37, 37, 24, 36, 34, 11, 12, 39, 22], [22, 35, 34, 25, 33, 18, 35, 33, 15, 39, 30, 13, 37, 33, 35, 10, 40, 21], [26, 24, 27, 24, 34, 31, 25, 10, 30, 23, 38, 33, 11, 23, 23, 35, 13, 24], [10, 38, 30, 14, 33, 38, 20, 26, 21, 35, 20, 19, 17, 10, 14, 39, 30, 10], [35, 20, 40, 29, 26, 26, 33, 38, 36, 18, 10, 37, 10, 21, 27, 19, 33, 25], [39, 34, 13, 36, 40, 40, 40, 10, 17, 34, 18, 29, 27, 30, 13, 23, 39, 21], [40, 15, 37, 38, 28, 20, 19, 17, 13, 23, 20, 27, 40, 17, 28, 12, 25, 13], [27, 24, 20, 24, 34, 32, 25, 10, 24, 24, 34, 24, 26, 11, 11, 24, 20, 26], [28, 37, 30, 17, 25, 15, 19, 36, 28, 31, 30, 17, 22, 27, 12, 24, 31, 14], [12, 25, 25, 15, 24, 25, 10, 31, 22, 20, 12, 30, 15, 12, 29, 16, 32, 20], [26, 40, 35, 19, 36, 31, 36, 27, 12, 32, 18, 13, 36, 33, 33, 24, 29, 16], [16, 33, 21, 23, 23, 25, 28, 24, 36, 35, 14, 35, 11, 24, 23, 29, 36, 32], [35, 35, 36, 35, 15, 11, 34, 39, 40, 40, 37, 28, 33, 14, 14, 16, 15, 35], [20, 33, 35, 22, 20, 40, 11, 31, 28, 23, 16, 21, 14, 31, 14, 27, 37, 39], [21, 18, 30, 28, 36, 26, 33, 15, 24, 16, 19, 35, 32, 28, 26, 19, 35, 10], [26, 21, 10, 29, 34, 32, 36, 30, 33, 37, 15, 29, 35, 14, 25, 13, 17, 28], [35, 31, 33, 36, 21, 32, 25, 12, 15, 14, 14, 31, 20, 26, 21, 24, 36, 31], [23, 30, 18, 27, 11, 37, 14, 29, 19, 39, 29, 26, 39, 23, 12, 40, 19, 37], [17, 17, 19, 20, 26, 20, 22, 15, 25, 35, 17, 11, 26, 13, 12, 21, 12, 29], [30, 21, 12, 29, 40, 23, 40, 11, 33, 23, 34, 38, 27, 35, 24, 16, 39, 36], [19, 36, 25, 14, 39, 32, 23, 12, 26, 23, 20, 23, 22, 18, 33, 28, 24, 18], [13, 30, 22, 23, 35, 13, 24, 10, 20, 30, 30, 33, 37, 17, 35, 24, 26, 33], [40, 12, 27, 38, 11, 13, 19, 22, 23, 17, 15, 28, 17, 26, 16, 34, 39, 17], [28, 29, 38, 23, 37, 40, 27, 29, 28, 17, 17, 19, 23, 18, 17, 17, 37, 34], [31, 16, 33, 28, 21, 18, 20, 26, 25, 18, 33, 11, 33, 19, 26, 27, 27, 23], [18, 22, 39, 40, 10, 11, 34, 35, 22, 38, 38, 37, 31, 34, 10, 28, 11, 13], [33, 25, 10, 26, 38, 16, 25, 36, 28, 25, 25, 15, 18, 30, 36, 27, 40, 19], [31, 39, 38, 18, 30, 14, 19, 28, 33, 14, 24, 37, 33, 17, 10, 29, 21, 40], [31, 17, 12, 29, 34, 32, 22, 10, 39, 13, 12, 19, 20, 38, 12, 28, 30, 19], [12, 15, 20, 21, 25, 14, 14, 10, 25, 21, 23, 27, 14, 11, 35, 37, 14, 11], [30, 21, 26, 26, 38, 24, 33, 25, 21, 12, 29, 16, 15, 38, 25, 38, 39, 10], [39, 11, 33, 14, 36, 34, 36, 12, 17, 17, 26, 26, 26, 38, 33, 22, 10, 18], [20, 32, 19, 14, 21, 34, 15, 10, 25, 22, 40, 15, 14, 31, 32, 40, 27, 10], [25, 34, 17, 36, 19, 40, 37, 30, 18, 26, 23, 40, 17, 18, 20, 25, 36, 33], [23, 25, 27, 26, 20, 39, 14, 28, 27, 38, 31, 30, 18, 36, 27, 20, 10, 35], [40, 34, 11, 14, 34, 21, 12, 39, 10, 11, 16, 26, 35, 10, 28, 38, 35, 10], [27, 29, 30, 18, 37, 12, 22, 17, 11, 18, 21, 40, 13, 30, 27, 37, 27, 10], [40, 40, 23, 16, 38, 37, 20, 33, 35, 34, 27, 19, 19, 34, 37, 22, 37, 18], [10, 34, 24, 23, 14, 27, 13, 31, 11, 33, 31, 36, 15, 39, 17, 18, 36, 24], [22, 30, 13, 26, 16, 19, 36, 15, 24, 10, 22, 24, 11, 24, 22, 21, 32, 36], [33, 12, 21, 17, 39, 16, 34, 20, 10, 31, 36, 32, 27, 25, 36, 16, 33, 36], [30, 13, 40, 29, 24, 19, 28, 21, 20, 37, 29, 20, 35, 12, 37, 26, 34, 31], [14, 35, 34, 13, 39, 19, 31, 29, 11, 21, 26, 25, 13, 18, 30, 40, 24, 25], [40, 10, 22, 38, 24, 40, 26, 39, 40, 22, 17, 12, 23, 38, 38, 21, 39, 36], [14, 19, 19, 21, 14, 36, 38, 21, 31, 40, 40, 40, 25, 14, 10, 39, 26, 21], [31, 15, 18, 38, 26, 25, 33, 20, 17, 10, 40, 40, 16, 19, 18, 40, 24, 24], [36, 10, 11, 13, 14, 19, 16, 22, 18, 26, 20, 37, 37, 39, 25, 15, 26, 16], [39, 20, 18, 31, 21, 25, 31, 14, 14, 17, 22, 11, 11, 16, 30, 40, 12, 22], [26, 13, 14, 25, 34, 18, 31, 38, 10, 39, 28, 13, 28, 29, 14, 11, 38, 15], [36, 35, 32, 15, 32, 39, 30, 21, 40, 19, 11, 20, 26, 19, 18, 38, 39, 20], [18, 33, 35, 11, 31, 18, 18, 17, 13, 17, 36, 14, 11, 32, 28, 28, 32, 34], [15, 35, 37, 10, 34, 21, 17, 24, 30, 15, 16, 34, 32, 35, 21, 36, 14, 37], [26, 28, 35, 23, 28, 11, 13, 40, 18, 28, 40, 33, 19, 30, 21, 32, 21, 21], [19, 20, 13, 35, 20, 18, 12, 11, 24, 17, 18, 15, 28, 31, 33, 29, 28, 24], [37, 36, 25, 31, 15, 22, 22, 14, 31, 38, 30, 36, 38, 35, 12, 18, 40, 38], [29, 28, 15, 13, 36, 35, 31, 28, 38, 34, 15, 31, 39, 16, 38, 20, 20, 33], [19, 18, 31, 27, 34, 35, 13, 25, 23, 21, 32, 40, 23, 34, 26, 31, 13, 35], [23, 13, 34, 16, 29, 22, 12, 21, 12, 25, 15, 20, 28, 12, 25, 17, 37, 11], [20, 33, 29, 29, 33, 38, 11, 22, 17, 37, 31, 35, 39, 24, 18, 13, 28, 24]], ['iusto', 'deleniti', 'quia', 'facere', 'minus', 'nam', 'veritatis', 'saepe', 'accusantium', 'delectus', 'ad', 'vitae', 'doloremque', 'occaecati', 'quae', 'consequuntur', 'tempora', 'aperiam', 'earum', 'mollitia', 'ratione', 'ab', 'illo', 'deserunt', 'ut', 'repellendus', 'facere', 'aut', 'nobis', 'voluptatibus', 'consequuntur', 'facilis', 'eveniet', 'officiis', 'amet', 'quasi', 'consectetur', 'repudiandae', 'labore', 'molestias', 'sunt', 'iure', 'minima', 'harum', 'asperiores', 'ea', 'eaque', 'sed', 'molestias', 'in', 'ipsa', 'labore', 'a', 'impedit', 'necessitatibus', 'dolorem', 'blanditiis', 'nesciunt', 'perferendis', 'ipsa', 'repudiandae', 'accusantium', 'mollitia', 'accusantium', 'fuga', 'sunt', 'nisi', 'earum', 'et', 'consectetur', 'illum'], [[40, 60, 55, 60, 26, 41, 28, 59, 25, 16, 10, 4, 53, 49, 41, 16, 13, 41], [35, 24, 38, 40, 48, 44, 59, 26, 51, 3, 37, 26, 55, 54, 9, 18, 40, 29], [4, 22, 55, 58, 6, 17, 41, 37, 13, 14, 33, 40, 43, 6, 35, 28, 46, 30], [18, 1, 25, 56, 49, 18, 19, 8, 17, 27, 59, 48, 20, 6, 15, 54, 51, 14], [24, 39, 47, 27, 8, 6, 4, 31, 56, 7, 29, 43, 25, 17, 53, 39, 43, 29], [5, 1, 35, 5, 8, 29, 42, 19, 10, 39, 32, 42, 25, 52, 16, 54, 25, 50], [32, 46, 37, 38, 38, 26, 7, 8, 40, 27, 44, 56, 30, 25, 48, 23, 8, 4], [59, 28, 53, 50, 55, 15, 49, 35, 42, 58, 48, 57, 41, 45, 5, 7, 54, 60], [46, 24, 10, 34, 40, 27, 15, 58, 6, 22, 55, 23, 33, 57, 3, 18, 41, 47], [33, 12, 9, 25, 45, 46, 40, 39, 23, 9, 1, 15, 27, 47, 49, 38, 27, 49], [13, 33, 9, 41, 47, 19, 42, 59, 32, 27, 40, 14, 58, 33, 21, 9, 39, 54], [12, 20, 48, 46, 1, 30, 25, 31, 4, 43, 6, 22, 42, 53, 46, 47, 10, 59], [60, 36, 27, 37, 24, 29, 15, 15, 23, 1, 8, 45, 22, 7, 45, 42, 52, 37], [14, 18, 1, 52, 14, 46, 19, 27, 50, 38, 57, 14, 27, 25, 60, 6, 45, 15], [55, 16, 18, 23, 50, 24, 21, 28, 29, 49, 13, 37, 3, 46, 16, 5, 22, 28], [16, 59, 19, 48, 48, 49, 36, 57, 31, 24, 3, 16, 39, 59, 53, 47, 37, 6], [46, 24, 32, 52, 22, 2, 59, 57, 43, 45, 10, 14, 59, 56, 24, 43, 13, 18], [56, 39, 37, 29, 32, 28, 33, 8, 11, 36, 25, 24, 19, 3, 2, 22, 1, 32], [50, 17, 43, 44, 13, 20, 38, 56, 20, 44, 16, 6, 22, 48, 33, 21, 21, 15], [35, 44, 18, 30, 33, 2, 24, 53, 50, 40, 24, 27, 54, 52, 48, 3, 53, 10], [26, 55, 53, 44, 44, 2, 27, 52, 19, 48, 30, 37, 56, 24, 27, 37, 16, 19], [55, 40, 22, 20, 59, 36, 12, 37, 27, 47, 51, 20, 20, 59, 48, 58, 34, 9], [40, 8, 55, 20, 26, 37, 56, 17, 60, 55, 47, 6, 9, 22, 7, 44, 48, 22], [22, 39, 50, 42, 6, 4, 32, 10, 14, 36, 8, 25, 1, 42, 13, 33, 56, 40], [23, 41, 59, 30, 51, 47, 52, 7, 59, 30, 24, 35, 12, 4, 54, 35, 46, 40], [46, 44, 3, 32, 6, 17, 46, 38, 22, 13, 47, 46, 45, 50, 32, 8, 50, 18], [22, 38, 49, 25, 44, 3, 4, 54, 11, 5, 33, 57, 8, 23, 45, 44, 27, 55], [48, 8, 34, 54, 33, 52, 8, 30, 11, 43, 16, 46, 11, 46, 6, 7, 23, 47], [35, 60, 15, 21, 5, 39, 45, 25, 57, 31, 58, 42, 57, 2, 46, 37, 52, 51], [26, 43, 35, 53, 5, 46, 15, 58, 5, 20, 17, 50, 27, 33, 16, 20, 54, 54], [32, 26, 31, 38, 5, 12, 52, 56, 10, 10, 26, 38, 60, 34, 34, 29, 11, 48], [32, 55, 46, 18, 40, 35, 25, 21, 17, 9, 9, 37, 3, 38, 52, 5, 5, 6], [16, 2, 16, 31, 20, 18, 26, 41, 26, 31, 36, 52, 37, 31, 35, 47, 36, 31], [43, 26, 40, 25, 46, 17, 3, 6, 34, 38, 56, 47, 30, 13, 10, 23, 3, 54], [3, 35, 41, 45, 3, 24, 11, 7, 6, 43, 5, 20, 37, 39, 55, 25, 58, 10], [44, 11, 52, 44, 5, 48, 5, 28, 45, 6, 12, 23, 28, 57, 57, 5, 52, 51], [53, 45, 21, 27, 39, 22, 10, 29, 21, 40, 52, 22, 12, 31, 48, 7, 31, 15], [1, 22, 41, 1, 34, 39, 49, 60, 48, 1, 17, 12, 31, 41, 58, 36, 52, 32], [47, 1, 43, 42, 13, 32, 13, 38, 59, 14, 29, 25, 12, 20, 22, 13, 19, 27], [12, 9, 44, 10, 60, 1, 52, 28, 45, 11, 2, 23, 55, 6, 26, 12, 17, 27], [8, 2, 17, 16, 58, 18, 46, 17, 50, 23, 32, 3, 45, 51, 8, 55, 46, 38], [43, 22, 9, 4, 33, 55, 4, 43, 18, 24, 34, 57, 31, 4, 15, 45, 51, 26], [3, 19, 21, 1, 46, 41, 12, 18, 38, 15, 47, 58, 32, 58, 31, 35, 59, 36], [6, 6, 32, 8, 19, 47, 10, 53, 19, 41, 9, 13, 6, 27, 22, 26, 23, 54], [17, 35, 14, 19, 54, 44, 31, 29, 16, 7, 22, 32, 15, 1, 14, 59, 46, 19], [43, 9, 32, 17, 27, 42, 33, 31, 25, 1, 24, 36, 28, 32, 38, 10, 2, 19], [23, 41, 28, 58, 18, 39, 31, 1, 26, 7, 57, 25, 21, 42, 1, 20, 1, 40], [47, 43, 40, 52, 2, 43, 16, 41, 26, 7, 6, 7, 14, 17, 36, 50, 10, 11], [11, 48, 41, 18, 11, 48, 27, 48, 55, 44, 17, 27, 48, 16, 47, 33, 37, 57], [49, 58, 41, 7, 21, 24, 50, 4, 4, 20, 58, 34, 49, 50, 3, 1, 7, 20], [54, 30, 47, 44, 45, 18, 8, 2, 49, 4, 1, 19, 52, 1, 14, 54, 25, 50], [24, 48, 6, 51, 46, 12, 23, 38, 14, 35, 9, 11, 32, 24, 56, 49, 14, 13], [59, 30, 46, 4, 18, 32, 34, 26, 53, 13, 58, 18, 55, 16, 13, 22, 28, 2], [3, 58, 39, 55, 57, 45, 42, 16, 59, 54, 58, 9, 12, 58, 45, 27, 3, 16], [58, 43, 18, 42, 56, 50, 47, 23, 42, 27, 43, 18, 3, 48, 15, 24, 49, 11], [34, 2, 12, 21, 5, 47, 16, 29, 45, 44, 11, 2, 12, 53, 54, 4, 55, 57], [48, 24, 59, 49, 9, 1, 48, 43, 27, 19, 38, 23, 36, 11, 31, 40, 40, 29], [11, 1, 30, 27, 54, 50, 53, 59, 20, 36, 33, 34, 8, 4, 5, 54, 6, 13], [44, 3, 46, 29, 10, 4, 40, 46, 34, 47, 32, 5, 29, 41, 36, 15, 22, 51], [30, 11, 25, 50, 46, 52, 38, 2, 53, 56, 48, 5, 38, 26, 43, 51, 24, 1], [57, 23, 7, 37, 15, 10, 54, 19, 44, 47, 27, 20, 44, 52, 21, 2, 46, 1], [32, 19, 22, 36, 57, 22, 14, 20, 20, 22, 22, 38, 1, 20, 44, 58, 58, 4], [15, 57, 13, 29, 21, 11, 53, 25, 10, 7, 21, 3, 46, 20, 31, 17, 26, 54], [29, 5, 2, 4, 27, 34, 34, 47, 42, 51, 33, 53, 54, 6, 41, 11, 15, 36], [56, 50, 20, 4, 50, 36, 10, 50, 45, 58, 41, 51, 35, 15, 43, 17, 33, 55], [2, 25, 13, 43, 57, 50, 41, 46, 58, 42, 29, 56, 22, 7, 42, 1, 33, 14], [13, 5, 57, 59, 39, 59, 33, 57, 25, 42, 38, 36, 20, 45, 47, 44, 21, 47], [55, 33, 21, 24, 39, 28, 2, 50, 54, 34, 47, 3, 25, 29, 15, 58, 13, 50], [23, 39, 47, 60, 13, 25, 58, 36, 4, 41, 14, 50, 37, 6, 43, 37, 29, 25], [24, 45, 17, 12, 21, 51, 40, 59, 51, 45, 5, 31, 49, 12, 12, 13, 43, 18], [26, 11, 56, 45, 20, 41, 31, 14, 31, 31, 21, 10, 48, 33, 59, 4, 59, 27]])
deveria ser
['earum', 'earum', 'earum', 'nesciunt', 'molestias', 'ipsa', 'earum', 'facilis', 'facilis', 'facilis', 'earum', 'earum', 'nisi', 'labore', 'perferendis', 'earum', 'ut', 'mollitia', 'repudiandae', 'earum', 'fuga', 'in', 'accusantium', 'molestias', 'nisi', 'earum', 'molestias', 'blanditiis', 'earum', 'molestias', 'earum', 'in', 'fuga', 'molestias', 'nisi', 'dolorem', 'in', 'accusantium', 'dolorem', 'earum', 'earum', 'sed', 'veritatis', 'tempora', 'consequuntur', 'harum', 'nesciunt', 'ipsa', 'earum', 'earum', 'earum', 'illo', 'earum', 'saepe', 'accusantium', 'dolorem', 'fuga', 'veritatis', 'molestias', 'saepe', 'earum', 'tempora', 'earum', 'saepe', 'saepe', 'saepe', 'repudiandae', 'fuga', 'blanditiis', 'earum', 'earum']
mas deu
['earum' 'earum' 'earum' 'nesciunt' 'molestias' 'ipsa' 'earum' 'facilis'
 'facilis' 'facilis' 'earum' 'earum' 'nisi' 'labore' 'perferendis' 'earum'
 'ut' 'mollitia' 'repudiandae' 'earum' 'fuga' 'in' 'accusantium'
 'molestias' 'nisi' 'earum' 'molestias' 'blanditiis' 'earum' 'molestias'
 'earum' 'in' 'fuga' 'molestias' 'nisi' 'dolorem' 'in' 'accusantium'
 'dolorem' 'earum' 'earum' 'sed' 'veritatis' 'tempora' 'consequuntur'
 'harum' 'nesciunt' 'ipsa' 'earum' 'earum' 'earum' 'illo' 'earum' 'saepe'
 'accusantium' 'dolorem' 'fuga' 'veritatis' 'molestias' 'saepe' 'earum'
 'tempora' 'earum' 'saepe' 'saepe' 'saepe' 'repudiandae' 'fuga'
 'blanditiis' 'earum' 'earum']
Se nao entender esse erro, peça ajuda ao professor:
tester.py, 172: TypeError - only size-1 arrays can be converted to Python scalars
Teste 5 deu errado!
O resultado para
([[20, 37, 19, 25, 29, 18, 20, 27, 19, 16, 13, 30], [39, 17, 35, 38, 19, 30, 22, 22, 32, 35, 10, 29], [30, 34, 10, 27, 14, 26, 35, 24, 24, 21, 27, 16], [22, 29, 32, 22, 15, 18, 21, 15, 35, 13, 31, 23], [24, 11, 28, 21, 19, 37, 27, 16, 39, 10, 24, 27], [26, 24, 33, 20, 39, 18, 32, 21, 34, 36, 17, 40], [10, 15, 14, 18, 35, 17, 17, 12, 31, 18, 23, 25], [16, 34, 13, 22, 35, 33, 38, 25, 20, 34, 36, 26], [26, 11, 12, 23, 17, 22, 28, 15, 17, 37, 31, 31], [15, 34, 11, 28, 40, 26, 23, 25, 39, 38, 28, 33], [12, 28, 34, 12, 14, 37, 20, 26, 36, 34, 34, 26], [24, 17, 25, 31, 26, 31, 30, 40, 38, 35, 16, 11], [36, 32, 29, 18, 31, 39, 13, 35, 38, 13, 33, 39], [22, 32, 26, 30, 22, 25, 11, 39, 38, 24, 37, 40], [30, 11, 13, 32, 31, 22, 25, 39, 27, 21, 28, 10], [17, 12, 12, 23, 38, 35, 10, 34, 14, 37, 16, 15], [38, 31, 12, 40, 13, 13, 29, 39, 17, 21, 13, 10], [12, 29, 32, 17, 38, 15, 30, 27, 14, 36, 26, 28], [15, 10, 26, 16, 13, 37, 26, 22, 23, 14, 20, 38], [22, 21, 30, 40, 15, 28, 36, 40, 28, 17, 13, 38], [34, 11, 23, 15, 14, 37, 40, 35, 12, 40, 18, 36], [37, 39, 26, 22, 27, 31, 20, 22, 28, 20, 15, 33], [12, 32, 11, 26, 36, 38, 40, 16, 10, 23, 19, 24], [36, 37, 12, 24, 32, 20, 16, 34, 31, 27, 16, 17], [31, 19, 13, 30, 24, 34, 40, 31, 34, 28, 36, 15], [30, 36, 35, 17, 32, 33, 25, 30, 13, 39, 30, 18], [19, 21, 32, 19, 38, 15, 15, 15, 31, 35, 40, 15], [19, 36, 32, 20, 28, 37, 32, 23, 18, 11, 24, 26], [21, 23, 28, 15, 35, 18, 25, 38, 23, 11, 38, 10], [26, 12, 12, 24, 38, 20, 23, 21, 24, 22, 34, 34], [22, 25, 13, 29, 21, 18, 36, 16, 39, 39, 20, 13], [30, 25, 26, 10, 22, 34, 30, 16, 31, 22, 30, 21], [30, 16, 14, 15, 36, 15, 16, 37, 23, 24, 14, 37], [12, 26, 12, 37, 34, 40, 31, 40, 37, 18, 21, 13], [34, 20, 39, 32, 12, 15, 30, 30, 24, 23, 37, 28], [25, 34, 18, 32, 20, 30, 23, 20, 21, 18, 11, 26], [11, 22, 13, 24, 21, 32, 11, 33, 24, 19, 39, 25], [30, 21, 11, 33, 15, 19, 21, 34, 27, 38, 32, 33], [21, 13, 15, 21, 35, 19, 11, 26, 20, 34, 10, 37], [18, 10, 27, 26, 40, 13, 38, 20, 25, 38, 12, 36], [11, 18, 21, 37, 21, 38, 33, 37, 16, 10, 16, 30], [19, 25, 28, 28, 12, 25, 21, 28, 29, 18, 24, 13], [13, 24, 22, 24, 23, 15, 28, 35, 29, 14, 24, 24], [22, 19, 19, 28, 15, 35, 14, 25, 10, 16, 15, 27], [32, 32, 25, 22, 26, 26, 24, 22, 34, 27, 37, 16], [11, 21, 39, 15, 31, 18, 37, 10, 19, 27, 22, 39], [24, 27, 33, 24, 19, 27, 22, 12, 34, 36, 25, 38], [36, 10, 13, 11, 24, 39, 15, 34, 40, 24, 22, 33], [19, 14, 21, 23, 11, 33, 24, 16, 20, 39, 25, 31], [19, 33, 35, 22, 13, 35, 23, 30, 36, 34, 24, 13], [35, 29, 16, 34, 14, 17, 17, 37, 11, 36, 16, 16], [37, 21, 15, 31, 17, 23, 14, 25, 12, 23, 12, 10], [39, 27, 36, 24, 13, 32, 36, 20, 31, 40, 40, 32], [39, 35, 35, 36, 11, 15, 24, 22, 35, 38, 29, 28], [21, 16, 11, 25, 22, 23, 17, 16, 27, 21, 32, 10], [23, 15, 20, 29, 29, 26, 14, 25, 31, 19, 32, 25], [13, 38, 30, 22, 18, 24, 28, 37, 36, 36, 18, 27], [35, 12, 36, 36, 19, 38, 17, 13, 28, 29, 38, 30], [20, 35, 14, 33, 24, 33, 13, 40, 31, 33, 36, 26], [12, 35, 12, 21, 40, 38, 26, 39, 12, 35, 20, 18], [29, 34, 10, 39, 10, 14, 24, 14, 14, 12, 15, 28], [11, 38, 30, 24, 26, 17, 17, 34, 35, 19, 33, 25], [11, 35, 39, 12, 10, 12, 25, 26, 17, 22, 27, 40], [37, 31, 13, 40, 19, 16, 26, 22, 13, 25, 37, 12], [17, 26, 13, 12, 29, 15, 10, 25, 17, 40, 40, 21], [30, 21, 29, 39, 37, 19, 27, 13, 35, 39, 22, 23], [29, 27, 40, 40, 15, 20, 12, 25, 13, 17, 33, 22], [34, 12, 11, 37, 12, 25, 36, 16, 32, 34, 32, 15], [18, 17, 19, 37, 14, 40, 27, 27, 36, 20, 25, 34], [21, 19, 40, 15, 21, 31, 24, 10, 35, 12, 10, 21], [20, 27, 37, 35, 24, 12, 36, 13, 37, 11, 36, 20], [13, 12, 23, 18, 23, 28, 32, 31, 16, 28, 38, 34], [11, 34, 36, 18, 39, 33, 27, 12, 25, 37, 38, 31], [29, 18, 37, 21, 14, 15, 25, 35, 13, 37, 25, 11], [16, 22, 17, 23, 39, 30, 33, 25, 32, 20, 28, 12], [36, 27, 32, 35, 33, 28, 28, 23, 26, 17, 11, 37], [29, 34, 38, 11, 36, 30, 20, 39, 10, 14, 16, 30], [38, 12, 25, 34, 22, 26, 33, 20, 34, 28, 16, 18], [31, 17, 28, 33, 32, 20, 27, 32, 13, 32, 24, 39], [16, 29, 26, 17, 39, 25, 35, 22, 34, 23, 11, 15], [34, 24, 24, 10, 37, 25, 24, 15, 29, 29, 31, 28], [17, 14, 15, 39, 21, 36, 28, 13, 14, 11, 18, 36], [30, 33, 10, 22, 21, 23, 39, 20, 17, 12, 26, 24], [30, 10, 40, 24, 29, 22, 33, 35, 12, 22, 40, 13], [15, 39, 15, 31, 12, 39, 18, 28, 27, 36, 23, 12], [25, 33, 25, 19, 24, 39, 22, 18, 10, 26, 17, 10]], ['sapiente', 'accusamus', 'voluptate', 'delectus', 'eum', 'aliquam', 'delectus', 'vitae', 'repellendus', 'officiis', 'perferendis', 'rerum', 'dignissimos', 'dolore', 'labore', 'non', 'ipsa', 'hic', 'accusantium', 'voluptate', 'saepe', 'natus', 'debitis', 'atque', 'neque', 'ut', 'assumenda', 'reiciendis', 'atque', 'quod', 'vel', 'ipsum', 'amet', 'dolorum', 'laudantium', 'optio', 'consequatur', 'quasi', 'harum', 'porro', 'possimus', 'eos', 'blanditiis', 'veritatis', 'in', 'veritatis', 'perferendis', 'doloremque', 'nam', 'autem', 'porro', 'aut', 'dolorem', 'consequatur', 'ipsa', 'assumenda', 'repellat', 'nisi', 'nobis', 'id', 'eum', 'laudantium', 'placeat', 'assumenda', 'occaecati', 'placeat', 'ducimus', 'adipisci', 'quasi', 'consequatur', 'commodi', 'aperiam', 'facilis', 'maiores', 'tempore', 'rem', 'consequuntur', 'molestiae', 'cum', 'voluptas', 'sapiente', 'debitis', 'error', 'recusandae', 'reprehenderit', 'vero'], [[52, 44, 58, 18, 23, 28, 28, 5, 28, 57, 52, 18], [58, 23, 36, 57, 60, 22, 52, 27, 42, 50, 42, 40], [43, 29, 45, 46, 33, 11, 39, 50, 36, 41, 48, 46], [32, 45, 34, 35, 14, 2, 28, 12, 9, 48, 20, 11], [22, 39, 49, 37, 16, 38, 55, 50, 35, 48, 50, 40], [11, 26, 36, 7, 41, 4, 6, 11, 58, 40, 31, 4], [46, 38, 35, 45, 24, 27, 25, 20, 33, 14, 10, 24], [14, 42, 56, 42, 5, 51, 52, 13, 34, 3, 32, 38], [27, 2, 29, 11, 25, 3, 28, 43, 27, 56, 30, 32], [17, 43, 50, 24, 13, 27, 31, 48, 16, 46, 30, 10], [32, 45, 32, 60, 3, 29, 48, 31, 58, 38, 55, 17], [15, 32, 11, 26, 33, 7, 43, 55, 6, 2, 53, 9], [17, 35, 46, 5, 35, 47, 17, 13, 18, 23, 2, 52], [6, 11, 47, 14, 49, 60, 26, 1, 60, 34, 17, 10], [57, 50, 22, 32, 31, 35, 11, 52, 28, 41, 42, 3], [40, 53, 40, 56, 57, 53, 35, 26, 4, 47, 1, 43], [7, 17, 28, 20, 30, 58, 12, 8, 1, 10, 43, 4], [51, 18, 1, 16, 16, 2, 2, 8, 24, 50, 16, 24], [46, 10, 52, 50, 27, 44, 27, 37, 3, 60, 36, 54], [38, 23, 6, 45, 18, 5, 2, 43, 48, 28, 20, 59], [42, 47, 53, 60, 19, 16, 21, 17, 57, 41, 24, 3], [35, 23, 54, 54, 16, 13, 57, 51, 28, 3, 48, 54], [43, 7, 14, 14, 54, 36, 44, 48, 24, 8, 34, 20], [47, 35, 54, 31, 27, 37, 42, 31, 35, 9, 57, 44], [29, 56, 37, 15, 57, 40, 47, 49, 4, 18, 41, 23], [26, 55, 50, 58, 12, 31, 3, 41, 1, 17, 6, 41], [13, 3, 9, 53, 46, 44, 26, 18, 29, 41, 33, 45], [40, 43, 44, 3, 44, 2, 45, 12, 9, 28, 46, 37], [19, 34, 15, 55, 45, 47, 33, 41, 41, 46, 52, 48], [39, 37, 10, 16, 7, 39, 9, 55, 52, 59, 58, 33], [47, 10, 23, 49, 28, 39, 40, 13, 11, 50, 24, 22], [54, 25, 3, 35, 26, 21, 24, 8, 58, 48, 32, 46], [58, 45, 41, 30, 39, 2, 11, 15, 24, 41, 15, 13], [50, 2, 17, 44, 7, 49, 14, 44, 21, 25, 39, 51], [13, 8, 55, 2, 11, 13, 41, 3, 1, 6, 45, 56], [60, 45, 3, 57, 30, 20, 42, 12, 59, 26, 36, 54], [4, 40, 36, 48, 24, 41, 1, 53, 51, 27, 18, 1], [46, 43, 29, 4, 12, 52, 52, 38, 31, 2, 23, 54], [10, 16, 45, 46, 52, 20, 43, 29, 26, 4, 15, 21], [32, 43, 57, 36, 32, 2, 60, 44, 27, 53, 23, 54], [17, 27, 8, 29, 21, 16, 27, 31, 34, 7, 26, 50], [25, 30, 36, 34, 37, 17, 3, 33, 23, 32, 2, 27], [49, 17, 25, 25, 23, 15, 23, 2, 43, 11, 13, 11], [55, 34, 30, 19, 51, 52, 22, 6, 25, 50, 55, 10], [48, 7, 30, 49, 11, 27, 18, 8, 6, 40, 49, 13], [13, 57, 15, 4, 55, 19, 47, 56, 58, 30, 50, 7], [21, 33, 16, 18, 47, 42, 58, 8, 43, 49, 50, 24], [22, 9, 1, 20, 37, 48, 59, 45, 45, 19, 9, 54], [31, 15, 36, 29, 48, 40, 27, 51, 52, 35, 2, 47], [9, 22, 11, 20, 37, 39, 5, 13, 25, 28, 58, 30], [24, 2, 54, 15, 24, 9, 58, 22, 26, 51, 11, 43], [13, 20, 26, 49, 21, 14, 28, 17, 22, 11, 5, 7], [35, 28, 55, 16, 52, 1, 26, 12, 11, 30, 42, 10], [43, 37, 41, 38, 25, 59, 18, 49, 15, 23, 18, 35], [33, 30, 41, 45, 17, 53, 29, 1, 29, 40, 47, 14], [3, 39, 41, 41, 38, 17, 17, 27, 58, 7, 20, 33], [4, 29, 13, 22, 50, 23, 31, 27, 26, 58, 11, 19], [7, 56, 2, 1, 1, 35, 26, 9, 49, 43, 28, 25], [36, 10, 12, 16, 59, 7, 31, 59, 59, 28, 52, 15], [24, 35, 2, 34, 51, 41, 41, 53, 6, 37, 9, 28], [29, 7, 53, 38, 10, 56, 45, 37, 6, 51, 6, 33], [33, 59, 25, 52, 19, 31, 30, 45, 55, 24, 57, 12], [46, 2, 7, 59, 46, 2, 30, 52, 50, 31, 44, 43], [8, 57, 38, 40, 36, 13, 20, 8, 37, 21, 29, 14], [25, 55, 39, 40, 35, 47, 38, 46, 15, 27, 37, 17], [14, 45, 22, 56, 17, 35, 19, 12, 44, 54, 20, 42], [38, 49, 1, 8, 34, 39, 35, 5, 21, 40, 22, 36], [18, 51, 40, 4, 59, 34, 34, 3, 32, 6, 32, 22], [30, 21, 4, 24, 25, 26, 33, 55, 45, 17, 41, 27], [9, 41, 39, 44, 34, 60, 49, 36, 42, 30, 23, 2], [35, 24, 13, 30, 50, 44, 60, 26, 40, 11, 48, 21], [1, 38, 47, 47, 12, 37, 31, 31, 22, 36, 6, 50], [41, 11, 10, 12, 40, 43, 60, 57, 26, 57, 18, 49], [26, 7, 55, 60, 34, 23, 32, 1, 47, 30, 42, 38], [13, 54, 2, 60, 36, 60, 38, 1, 34, 51, 33, 19], [34, 28, 39, 39, 38, 41, 16, 43, 46, 33, 9, 60], [15, 26, 34, 52, 48, 7, 46, 25, 39, 41, 27, 16], [43, 46, 36, 54, 14, 11, 40, 21, 36, 53, 38, 31], [9, 26, 24, 50, 23, 40, 15, 30, 58, 29, 26, 32], [48, 26, 26, 57, 11, 37, 21, 17, 19, 34, 49, 11], [23, 13, 9, 37, 30, 52, 21, 38, 11, 51, 19, 6], [43, 60, 15, 46, 18, 50, 31, 43, 6, 33, 45, 8], [45, 12, 13, 33, 18, 33, 10, 51, 32, 35, 12, 24], [13, 27, 55, 49, 15, 3, 43, 11, 58, 60, 57, 18], [59, 40, 53, 26, 19, 7, 19, 46, 48, 4, 40, 36], [33, 39, 10, 47, 37, 53, 54, 15, 1, 13, 9, 54]])
deveria ser
['dolorem', 'dolorem', 'dolorem', 'reprehenderit', 'dolorem', 'occaecati', 'accusamus', 'eum', 'porro', 'reprehenderit', 'laudantium', 'ipsa', 'harum', 'consequatur', 'dolorem', 'accusamus', 'vero', 'occaecati', 'dolorem', 'dolore', 'ipsa', 'laudantium', 'possimus', 'dolorem', 'id', 'ducimus', 'quasi', 'commodi', 'nobis', 'dolorem', 'debitis', 'vel', 'consequatur', 'quasi', 'veritatis', 'error', 'non', 'eum', 'possimus', 'placeat', 'possimus', 'harum', 'consequatur', 'facilis', 'dolorem', 'sapiente', 'facilis', 'voluptate', 'accusamus', 'occaecati', 'porro', 'ipsa', 'vero', 'accusamus', 'dolorem', 'possimus', 'officiis', 'sapiente', 'atque', 'id', 'saepe', 'nobis', 'voluptate', 'delectus', 'reprehenderit', 'repellat', 'sapiente', 'sapiente', 'voluptate', 'reprehenderit', 'error', 'voluptate', 'saepe', 'recusandae', 'quasi', 'accusamus', 'vel', 'dolorem', 'quasi', 'assumenda', 'vero', 'reprehenderit', 'accusamus', 'dolorem', 'laudantium', 'debitis']
mas deu
['dolorem' 'dolorem' 'dolorem' 'reprehenderit' 'dolorem' 'occaecati'
 'accusamus' 'eum' 'porro' 'reprehenderit' 'laudantium' 'ipsa' 'harum'
 'consequatur' 'dolorem' 'accusamus' 'vero' 'occaecati' 'dolorem' 'dolore'
 'ipsa' 'laudantium' 'possimus' 'dolorem' 'id' 'ducimus' 'quasi' 'commodi'
 'nobis' 'dolorem' 'debitis' 'vel' 'consequatur' 'quasi' 'veritatis'
 'error' 'non' 'eum' 'possimus' 'placeat' 'possimus' 'harum' 'consequatur'
 'facilis' 'dolorem' 'sapiente' 'facilis' 'voluptate' 'accusamus'
 'occaecati' 'porro' 'ipsa' 'vero' 'accusamus' 'dolorem' 'possimus'
 'officiis' 'sapiente' 'atque' 'id' 'saepe' 'nobis' 'voluptate' 'delectus'
 'reprehenderit' 'repellat' 'sapiente' 'sapiente' 'voluptate'
 'reprehenderit' 'error' 'voluptate' 'saepe' 'recusandae' 'quasi'
 'accusamus' 'vel' 'dolorem' 'quasi' 'assumenda' 'vero' 'reprehenderit'
 'accusamus' 'dolorem' 'laudantium' 'debitis']
Se nao entender esse erro, peça ajuda ao professor:
tester.py, 172: TypeError - only size-1 arrays can be converted to Python scalars
Teste 6 deu errado!
O resultado para
([[31, 40, 16, 24, 32, 33, 31, 33, 19, 10, 36], [36, 40, 24, 35, 33, 25, 21, 21, 12, 35, 25], [34, 33, 11, 10, 28, 19, 18, 14, 24, 20, 20], [38, 11, 30, 21, 37, 21, 40, 40, 16, 32, 35], [10, 13, 19, 20, 29, 19, 17, 13, 11, 30, 18], [14, 11, 12, 29, 29, 40, 21, 11, 17, 26, 22], [10, 19, 33, 18, 25, 32, 24, 39, 34, 24, 20], [39, 32, 21, 15, 25, 34, 13, 34, 26, 35, 12], [23, 23, 14, 12, 20, 26, 19, 26, 32, 32, 35], [28, 31, 35, 24, 31, 22, 33, 27, 20, 24, 17], [26, 12, 35, 39, 39, 11, 40, 39, 18, 16, 12], [16, 18, 27, 38, 26, 24, 33, 16, 16, 20, 39], [23, 12, 31, 27, 39, 32, 22, 20, 40, 13, 39]], ['et', 'eveniet', 'laboriosam', 'odit', 'numquam', 'nesciunt', 'rem', 'optio', 'voluptates', 'esse', 'iusto', 'ipsa', 'recusandae'], [[29, 22, 60, 28, 8, 48, 38, 27, 36, 48, 2], [49, 21, 33, 26, 36, 3, 58, 3, 48, 14, 23], [45, 19, 60, 52, 38, 59, 37, 28, 54, 5, 34], [37, 24, 37, 41, 32, 44, 32, 50, 49, 48, 7], [3, 46, 58, 44, 41, 46, 8, 6, 2, 37, 27], [16, 32, 26, 59, 58, 45, 4, 3, 20, 2, 27], [44, 3, 11, 51, 15, 30, 36, 15, 6, 14, 51], [4, 5, 4, 56, 49, 55, 20, 22, 24, 16, 4], [5, 7, 48, 28, 3, 15, 14, 2, 58, 36, 34], [22, 52, 19, 57, 53, 16, 58, 54, 38, 17, 49], [40, 18, 1, 28, 50, 52, 47, 57, 60, 29, 51], [44, 27, 6, 9, 36, 32, 41, 33, 44, 43, 29], [46, 25, 28, 34, 43, 26, 48, 28, 57, 55, 36]])
deveria ser
['esse', 'iusto', 'iusto', 'esse', 'eveniet', 'nesciunt', 'ipsa', 'iusto', 'rem', 'ipsa', 'optio', 'laboriosam', 'recusandae']
mas deu
['esse' 'iusto' 'iusto' 'esse' 'eveniet' 'nesciunt' 'ipsa' 'iusto' 'rem'
 'ipsa' 'optio' 'laboriosam' 'recusandae']
Se nao entender esse erro, peça ajuda ao professor:
tester.py, 172: TypeError - only size-1 arrays can be converted to Python scalars
Teste 7 deu errado!
O resultado para
([[30, 38, 31, 39, 25, 39, 35, 24, 38, 16, 22, 12, 27, 24, 17, 16, 36, 40, 21], [30, 29, 23, 23, 17, 24, 21, 27, 24, 12, 20, 27, 39, 11, 22, 40, 12, 23, 30], [39, 30, 15, 31, 37, 21, 39, 25, 23, 32, 27, 40, 13, 18, 10, 26, 13, 20, 38], [20, 22, 25, 33, 11, 26, 14, 22, 24, 30, 21, 39, 35, 23, 15, 31, 39, 37, 29], [40, 23, 35, 28, 34, 19, 24, 22, 37, 23, 30, 34, 38, 28, 40, 25, 39, 15, 26], [12, 15, 33, 34, 13, 14, 29, 10, 23, 24, 34, 28, 38, 11, 23, 11, 35, 34, 30], [34, 36, 12, 34, 38, 29, 29, 15, 16, 30, 21, 24, 28, 10, 34, 25, 21, 21, 12], [36, 36, 21, 10, 39, 28, 31, 40, 37, 14, 35, 26, 26, 29, 37, 29, 18, 15, 22], [14, 20, 32, 37, 27, 21, 22, 28, 39, 29, 15, 27, 19, 10, 26, 24, 36, 23, 10], [40, 18, 16, 14, 20, 22, 33, 34, 33, 32, 38, 17, 21, 35, 15, 17, 22, 18, 35], [34, 14, 35, 34, 28, 26, 32, 22, 36, 23, 10, 29, 26, 16, 36, 20, 26, 36, 38], [16, 13, 11, 31, 18, 29, 20, 34, 40, 20, 20, 40, 34, 34, 40, 28, 36, 23, 36], [24, 16, 40, 26, 27, 23, 18, 14, 16, 27, 23, 14, 25, 17, 20, 33, 30, 24, 36], [11, 10, 24, 12, 20, 26, 20, 18, 18, 21, 17, 30, 18, 28, 19, 13, 38, 11, 29], [31, 19, 22, 16, 14, 19, 31, 19, 26, 18, 24, 17, 32, 15, 38, 28, 32, 40, 22], [39, 23, 27, 37, 21, 36, 18, 38, 30, 31, 22, 15, 17, 40, 34, 23, 11, 12, 26], [28, 19, 36, 15, 10, 19, 23, 17, 13, 34, 32, 28, 13, 33, 32, 10, 37, 23, 27], [34, 32, 36, 28, 36, 33, 10, 32, 18, 34, 20, 11, 15, 35, 17, 32, 22, 26, 28], [29, 32, 14, 13, 24, 30, 31, 29, 19, 29, 30, 21, 26, 10, 15, 28, 18, 35, 10], [16, 12, 33, 13, 39, 17, 35, 22, 10, 29, 38, 20, 13, 38, 29, 34, 37, 12, 25], [19, 17, 31, 26, 22, 17, 23, 11, 14, 33, 19, 27, 13, 40, 10, 16, 37, 35, 11], [11, 13, 40, 27, 32, 14, 16, 35, 37, 34, 30, 33, 15, 27, 18, 30, 21, 16, 37], [35, 18, 16, 17, 23, 16, 32, 17, 19, 18, 23, 29, 16, 25, 32, 18, 34, 36, 23], [12, 19, 11, 15, 27, 19, 28, 21, 26, 12, 14, 18, 22, 25, 35, 16, 23, 10, 37], [15, 17, 12, 30, 18, 40, 29, 15, 24, 14, 23, 40, 32, 31, 31, 35, 27, 26, 36], [10, 36, 19, 38, 32, 21, 37, 39, 11, 24, 25, 25, 32, 10, 24, 12, 13, 16, 29], [27, 23, 35, 23, 17, 35, 12, 15, 38, 23, 29, 37, 18, 12, 22, 14, 38, 33, 39], [24, 25, 40, 12, 10, 27, 20, 25, 23, 20, 14, 32, 21, 40, 31, 17, 33, 11, 18], [21, 36, 16, 15, 17, 14, 19, 18, 20, 35, 27, 34, 18, 33, 32, 35, 14, 23, 39], [24, 35, 19, 18, 36, 29, 28, 28, 13, 18, 37, 28, 37, 17, 22, 22, 10, 14, 12], [10, 16, 16, 35, 24, 29, 11, 35, 11, 22, 26, 34, 23, 36, 19, 39, 18, 16, 12], [30, 16, 21, 20, 29, 34, 34, 11, 18, 40, 33, 18, 30, 13, 22, 14, 26, 23, 34], [16, 31, 33, 10, 10, 38, 35, 35, 17, 23, 22, 39, 26, 25, 21, 28, 33, 34, 19], [27, 10, 36, 33, 15, 38, 25, 19, 21, 15, 12, 14, 27, 37, 36, 38, 29, 23, 28], [11, 38, 36, 38, 33, 32, 23, 30, 22, 31, 30, 30, 33, 36, 14, 16, 31, 12, 11], [19, 11, 17, 38, 12, 24, 39, 38, 29, 20, 10, 18, 11, 22, 32, 20, 30, 30, 20], [11, 18, 20, 34, 25, 16, 27, 38, 19, 37, 40, 32, 11, 35, 17, 10, 39, 11, 15], [24, 32, 26, 34, 12, 35, 19, 40, 26, 27, 17, 13, 29, 35, 39, 30, 40, 10, 37], [12, 33, 14, 21, 30, 34, 32, 29, 20, 25, 31, 21, 11, 40, 17, 40, 26, 26, 17], [24, 35, 12, 32, 20, 34, 34, 32, 20, 25, 27, 27, 40, 15, 39, 19, 18, 20, 10], [18, 12, 11, 11, 28, 21, 23, 14, 11, 18, 33, 31, 28, 18, 18, 12, 13, 25, 23], [34, 39, 17, 26, 21, 11, 34, 27, 31, 15, 15, 32, 18, 36, 34, 26, 38, 15, 36], [26, 39, 16, 15, 10, 17, 25, 22, 38, 38, 35, 30, 34, 13, 39, 11, 34, 22, 36], [29, 23, 34, 24, 20, 13, 27, 37, 25, 25, 40, 23, 20, 19, 19, 26, 38, 35, 25], [17, 19, 22, 25, 20, 27, 12, 14, 22, 13, 34, 20, 22, 30, 25, 36, 36, 28, 30], [33, 34, 20, 35, 25, 35, 39, 31, 13, 15, 14, 22, 13, 10, 30, 17, 19, 20, 11], [10, 10, 21, 16, 25, 40, 34, 35, 11, 36, 12, 37, 21, 14, 26, 14, 15, 36, 39], [33, 32, 15, 12, 28, 36, 33, 34, 27, 15, 30, 40, 18, 23, 15, 15, 18, 34, 28], [23, 29, 38, 33, 18, 29, 12, 23, 28, 10, 18, 13, 22, 32, 38, 26, 31, 22, 15], [15, 39, 28, 28, 21, 18, 19, 39, 27, 30, 32, 28, 13, 26, 17, 28, 11, 26, 33], [10, 17, 16, 30, 29, 13, 31, 40, 35, 17, 30, 28, 22, 30, 28, 30, 22, 22, 21], [21, 39, 35, 35, 20, 10, 24, 29, 19, 10, 20, 38, 14, 32, 23, 34, 40, 21, 40], [31, 21, 28, 39, 32, 21, 28, 19, 22, 26, 25, 19, 14, 38, 39, 11, 22, 22, 31], [11, 33, 23, 30, 25, 30, 17, 33, 17, 40, 11, 34, 11, 26, 33, 40, 25, 25, 35], [40, 38, 37, 26, 17, 11, 23, 23, 37, 33, 20, 37, 18, 20, 33, 13, 38, 21, 11], [37, 24, 26, 16, 32, 31, 17, 26, 28, 40, 14, 24, 33, 33, 35, 16, 18, 22, 40], [35, 35, 33, 35, 13, 13, 34, 37, 15, 21, 13, 31, 23, 40, 27, 34, 18, 17, 30], [33, 28, 33, 13, 17, 35, 13, 30, 29, 37, 15, 15, 15, 22, 33, 34, 11, 32, 20], [40, 11, 33, 19, 39, 21, 12, 29, 33, 10, 26, 40, 13, 10, 34, 40, 29, 40, 23], [32, 35, 10, 35, 23, 40, 12, 19, 27, 19, 12, 38, 22, 26, 31, 19, 34, 16, 37], [12, 27, 15, 31, 12, 19, 30, 10, 18, 16, 13, 19, 37, 25, 39, 23, 18, 24, 13], [12, 38, 10, 13, 28, 25, 27, 18, 23, 27, 14, 14, 40, 16, 38, 16, 28, 18, 27], [11, 30, 40, 36, 20, 28, 10, 38, 34, 24, 24, 34, 26, 34, 14, 13, 36, 17, 33], [14, 32, 21, 36, 30, 30, 13, 23, 18, 13, 18, 25, 24, 34, 22, 26, 26, 16, 22], [13, 36, 34, 21, 38, 13, 33, 39, 19, 23, 29, 12, 22, 32, 13, 12, 38, 12, 19], [14, 16, 11, 18, 17, 17, 13, 11, 24, 13, 28, 13, 38, 27, 19, 37, 36, 16, 39], [30, 32, 21, 15, 28, 32, 13, 37, 31, 37, 33, 14, 34, 17, 11, 39, 12, 26, 30], [13, 30, 31, 10, 33, 30, 17, 38, 28, 24, 11, 21, 38, 37, 22, 31, 12, 30, 20], [18, 30, 30, 17, 24, 36, 15, 10, 36, 26, 26, 30, 18, 17, 15, 30, 37, 10, 31], [38, 15, 13, 17, 23, 24, 13, 28, 26, 38, 28, 22, 38, 33, 34, 22, 33, 18, 40], [25, 36, 36, 23, 21, 16, 30, 21, 24, 39, 30, 12, 14, 16, 27, 37, 19, 15, 20], [39, 17, 38, 34, 27, 35, 22, 24, 27, 32, 33, 37, 13, 30, 19, 19, 21, 27, 19], [27, 22, 35, 11, 18, 29, 36, 32, 36, 10, 36, 21, 15, 32, 16, 31, 36, 23, 14], [16, 34, 13, 14, 10, 19, 29, 11, 17, 18, 27, 14, 19, 12, 28, 10, 22, 12, 20], [29, 37, 16, 31, 27, 35, 12, 39, 23, 38, 11, 28, 17, 11, 13, 34, 38, 30, 27], [34, 16, 23, 18, 39, 30, 33, 35, 31, 13, 24, 32, 17, 27, 33, 21, 39, 16, 19], [18, 25, 23, 17, 10, 10, 10, 36, 40, 20, 37, 35, 28, 13, 12, 29, 27, 23, 39], [10, 28, 28, 20, 39, 17, 30, 39, 11, 10, 13, 11, 22, 33, 37, 34, 32, 15, 30], [15, 23, 37, 16, 18, 33, 33, 21, 39, 29, 23, 21, 28, 15, 28, 21, 18, 24, 22], [35, 26, 32, 16, 22, 23, 18, 14, 23, 19, 24, 19, 17, 18, 14, 36, 22, 20, 10], [10, 11, 19, 13, 37, 40, 38, 17, 39, 25, 28, 12, 17, 27, 35, 40, 23, 16, 18], [10, 35, 40, 39, 39, 40, 32, 22, 33, 28, 18, 23, 31, 18, 21, 30, 38, 16, 32], [31, 12, 32, 29, 27, 38, 39, 15, 32, 36, 29, 30, 30, 19, 23, 20, 10, 29, 37]], ['accusamus', 'sint', 'eius', 'provident', 'debitis', 'optio', 'et', 'id', 'aut', 'minus', 'voluptate', 'quisquam', 'dolore', 'odio', 'iste', 'necessitatibus', 'aspernatur', 'aliquid', 'ut', 'quae', 'impedit', 'assumenda', 'velit', 'qui', 'ipsam', 'placeat', 'tempora', 'ipsam', 'rerum', 'omnis', 'culpa', 'dolorem', 'possimus', 'adipisci', 'eum', 'laudantium', 'repellendus', 'iure', 'occaecati', 'nihil', 'perspiciatis', 'amet', 'corporis', 'praesentium', 'sequi', 'eum', 'suscipit', 'deleniti', 'officia', 'animi', 'eius', 'nam', 'eaque', 'quae', 'debitis', 'praesentium', 'voluptates', 'natus', 'minus', 'ex', 'aut', 'temporibus', 'et', 'maxime', 'est', 'rem', 'soluta', 'doloribus', 'molestias', 'repudiandae', 'fuga', 'eligendi', 'ullam', 'iste', 'fugiat', 'sunt', 'ex', 'odit', 'fuga', 'consequuntur', 'eligendi', 'dolorem', 'omnis'], [[56, 15, 41, 21, 33, 43, 17, 12, 10, 25, 58, 31, 1, 45, 52, 20, 27, 6, 19], [27, 30, 56, 5, 30, 54, 27, 42, 8, 27, 17, 28, 18, 25, 10, 59, 14, 22, 48], [34, 15, 17, 53, 12, 50, 1, 19, 47, 60, 36, 53, 56, 20, 42, 37, 40, 3, 31], [20, 32, 37, 57, 55, 59, 35, 36, 52, 1, 53, 59, 20, 35, 36, 13, 13, 42, 29], [1, 34, 30, 15, 9, 49, 5, 29, 15, 34, 11, 13, 8, 16, 17, 28, 10, 6, 52], [33, 48, 22, 31, 17, 28, 40, 29, 55, 47, 36, 37, 17, 16, 26, 57, 55, 37, 19], [60, 37, 3, 26, 44, 55, 5, 44, 40, 28, 4, 28, 31, 52, 34, 44, 37, 44, 1], [58, 54, 32, 51, 20, 5, 60, 20, 32, 57, 60, 47, 38, 58, 12, 54, 25, 18, 52], [33, 38, 31, 47, 30, 1, 22, 30, 21, 56, 30, 42, 57, 22, 38, 47, 6, 9, 42], [20, 43, 28, 32, 41, 54, 43, 27, 57, 37, 25, 41, 58, 47, 59, 13, 50, 11, 5], [19, 4, 12, 59, 27, 15, 10, 46, 29, 27, 40, 30, 48, 53, 3, 5, 59, 60, 47], [1, 46, 11, 48, 10, 10, 18, 47, 31, 11, 29, 50, 39, 42, 55, 45, 36, 42, 29], [50, 3, 6, 30, 47, 5, 45, 15, 39, 28, 16, 6, 31, 23, 9, 23, 25, 33, 5], [28, 35, 22, 7, 8, 57, 14, 41, 30, 28, 30, 16, 6, 55, 21, 36, 2, 39, 42], [29, 33, 44, 28, 57, 51, 18, 43, 18, 12, 10, 54, 12, 34, 1, 51, 46, 56, 49], [4, 25, 51, 51, 9, 42, 7, 5, 46, 16, 32, 19, 19, 45, 34, 27, 59, 45, 30], [31, 44, 23, 6, 60, 27, 33, 44, 36, 50, 48, 51, 45, 17, 34, 48, 54, 59, 39], [23, 11, 29, 50, 46, 38, 50, 37, 1, 36, 51, 59, 46, 17, 13, 48, 50, 24, 41], [14, 15, 14, 2, 14, 41, 39, 11, 26, 55, 59, 37, 12, 23, 37, 48, 55, 55, 23], [6, 26, 6, 58, 21, 42, 1, 39, 30, 47, 12, 34, 16, 56, 30, 50, 20, 1, 29], [50, 53, 37, 59, 38, 17, 52, 6, 39, 9, 36, 20, 59, 53, 52, 49, 23, 9, 43], [38, 31, 6, 37, 31, 2, 22, 26, 57, 11, 25, 24, 15, 58, 23, 52, 52, 9, 13], [46, 34, 31, 59, 49, 46, 2, 40, 6, 37, 9, 25, 35, 7, 60, 39, 14, 47, 40], [7, 48, 44, 6, 28, 25, 57, 36, 8, 18, 39, 49, 23, 13, 20, 42, 29, 2, 18], [45, 18, 14, 39, 37, 32, 51, 25, 21, 3, 46, 39, 7, 46, 25, 9, 45, 14, 33], [13, 44, 60, 47, 43, 26, 7, 25, 11, 32, 14, 45, 53, 31, 10, 33, 10, 50, 31], [34, 7, 44, 56, 34, 12, 11, 24, 60, 12, 14, 18, 39, 51, 38, 30, 44, 21, 43], [59, 58, 34, 44, 35, 29, 5, 48, 36, 53, 59, 36, 15, 50, 51, 36, 40, 19, 6], [27, 48, 17, 8, 34, 19, 48, 29, 38, 15, 50, 2, 1, 40, 26, 32, 32, 45, 35], [4, 9, 4, 35, 46, 54, 12, 28, 57, 10, 29, 51, 18, 33, 33, 6, 3, 10, 57], [20, 21, 39, 35, 12, 5, 40, 14, 42, 15, 27, 22, 12, 8, 14, 50, 18, 48, 41], [53, 42, 19, 21, 51, 50, 25, 39, 29, 37, 37, 16, 2, 15, 35, 30, 44, 50, 8], [7, 47, 11, 59, 52, 24, 42, 59, 23, 44, 44, 5, 50, 56, 18, 28, 48, 57, 26], [40, 35, 54, 2, 40, 53, 48, 37, 43, 52, 7, 47, 52, 26, 13, 23, 4, 18, 36], [15, 43, 5, 28, 44, 56, 18, 57, 15, 58, 38, 42, 52, 40, 53, 11, 53, 7, 51], [44, 59, 57, 48, 32, 11, 28, 20, 57, 5, 39, 45, 31, 17, 43, 47, 46, 55, 52], [52, 5, 31, 40, 24, 26, 11, 24, 5, 20, 57, 18, 48, 10, 5, 10, 42, 49, 11], [27, 38, 55, 50, 50, 16, 54, 16, 14, 18, 12, 4, 29, 49, 52, 59, 24, 25, 18], [35, 47, 19, 60, 1, 2, 48, 46, 45, 18, 21, 45, 3, 33, 10, 13, 57, 59, 27], [19, 1, 29, 26, 49, 8, 14, 41, 41, 18, 9, 45, 19, 53, 35, 8, 57, 40, 3], [57, 28, 50, 46, 47, 56, 30, 45, 51, 1, 16, 7, 29, 34, 24, 51, 31, 54, 50], [45, 31, 20, 57, 6, 1, 42, 23, 35, 39, 34, 57, 31, 22, 53, 44, 56, 39, 17], [31, 25, 46, 42, 44, 16, 1, 29, 18, 55, 25, 36, 58, 44, 6, 47, 15, 31, 4], [50, 4, 27, 33, 51, 7, 12, 3, 55, 16, 22, 19, 60, 29, 48, 27, 23, 6, 48], [51, 7, 30, 18, 49, 26, 26, 32, 47, 33, 48, 8, 21, 8, 19, 21, 16, 54, 14], [40, 22, 47, 29, 36, 6, 43, 32, 45, 58, 22, 10, 39, 17, 25, 9, 34, 27, 14], [59, 41, 5, 18, 33, 48, 18, 12, 60, 55, 50, 5, 46, 60, 40, 4, 43, 47, 25], [26, 4, 40, 9, 59, 34, 22, 37, 6, 54, 43, 33, 17, 60, 7, 23, 41, 25, 8], [22, 3, 33, 39, 57, 41, 6, 37, 13, 45, 12, 9, 27, 55, 28, 46, 37, 2, 43], [1, 21, 55, 27, 9, 24, 55, 45, 32, 18, 26, 47, 51, 24, 36, 44, 27, 23, 13], [28, 17, 14, 45, 6, 44, 58, 2, 58, 52, 29, 49, 34, 33, 2, 49, 31, 57, 48], [31, 14, 59, 60, 10, 38, 24, 23, 28, 53, 13, 49, 51, 1, 52, 37, 23, 28, 15], [26, 21, 4, 21, 5, 42, 38, 27, 25, 27, 10, 12, 27, 28, 36, 12, 49, 48, 57], [40, 12, 21, 60, 50, 1, 8, 41, 18, 48, 58, 19, 60, 48, 32, 40, 13, 2, 34], [21, 52, 29, 38, 43, 4, 27, 32, 60, 46, 3, 53, 30, 41, 34, 34, 59, 24, 56], [26, 59, 16, 39, 11, 30, 28, 56, 3, 53, 25, 59, 9, 14, 5, 19, 43, 4, 21], [32, 18, 28, 8, 28, 50, 24, 1, 3, 42, 29, 30, 33, 5, 18, 40, 36, 27, 52], [11, 19, 49, 2, 59, 12, 20, 21, 2, 8, 11, 12, 7, 23, 20, 47, 24, 21, 31], [26, 5, 40, 57, 46, 34, 10, 43, 54, 23, 23, 34, 38, 53, 8, 40, 29, 9, 39], [28, 38, 51, 42, 58, 32, 32, 11, 1, 23, 51, 4, 12, 37, 11, 59, 9, 55, 42], [50, 47, 6, 4, 13, 20, 25, 51, 12, 40, 51, 31, 41, 12, 41, 12, 41, 9, 16], [59, 48, 15, 6, 14, 37, 30, 2, 46, 22, 11, 8, 59, 30, 36, 11, 1, 51, 25], [27, 42, 38, 17, 36, 58, 37, 39, 25, 17, 57, 53, 24, 50, 30, 23, 20, 6, 20], [11, 58, 17, 37, 58, 32, 30, 20, 58, 24, 54, 38, 53, 51, 6, 40, 23, 54, 18], [55, 7, 51, 35, 41, 49, 7, 50, 12, 4, 7, 18, 13, 53, 39, 39, 3, 14, 12], [33, 27, 5, 47, 41, 45, 2, 43, 22, 55, 39, 37, 23, 32, 10, 60, 9, 15, 28], [51, 43, 38, 14, 5, 31, 56, 53, 59, 38, 56, 44, 48, 3, 11, 27, 14, 15, 8], [35, 41, 53, 56, 4, 35, 35, 15, 43, 49, 51, 58, 42, 17, 8, 46, 29, 30, 20], [25, 17, 47, 7, 13, 38, 21, 8, 8, 42, 30, 32, 39, 20, 15, 31, 21, 43, 45], [10, 16, 6, 34, 26, 7, 28, 21, 32, 42, 5, 6, 30, 12, 36, 46, 25, 36, 6], [43, 28, 19, 58, 30, 30, 37, 18, 32, 22, 4, 20, 27, 4, 36, 2, 34, 51, 18], [54, 12, 34, 45, 55, 4, 41, 50, 9, 21, 7, 37, 21, 22, 12, 56, 36, 37, 3], [53, 18, 1, 45, 12, 24, 29, 6, 31, 43, 48, 17, 29, 5, 53, 52, 38, 6, 8], [60, 7, 55, 35, 19, 14, 32, 57, 31, 47, 48, 23, 30, 34, 9, 34, 42, 6, 42], [45, 21, 45, 14, 50, 54, 29, 42, 47, 26, 10, 55, 9, 53, 34, 39, 51, 29, 33], [51, 26, 7, 2, 23, 60, 32, 27, 21, 50, 11, 55, 38, 25, 39, 6, 47, 29, 46], [58, 48, 11, 32, 11, 39, 14, 10, 46, 52, 53, 2, 48, 37, 23, 5, 10, 49, 15], [11, 53, 2, 3, 16, 53, 24, 27, 12, 51, 34, 57, 5, 44, 15, 30, 35, 46, 11], [47, 32, 16, 16, 16, 25, 26, 19, 8, 1, 36, 60, 54, 60, 57, 18, 24, 27, 3], [44, 1, 27, 4, 42, 52, 49, 34, 8, 26, 41, 28, 39, 12, 5, 54, 15, 3, 60], [50, 52, 1, 42, 11, 28, 17, 18, 58, 24, 16, 10, 21, 29, 11, 34, 55, 28, 19], [29, 46, 54, 14, 34, 2, 28, 18, 3, 3, 48, 58, 36, 43, 7, 36, 18, 58, 10], [27, 60, 46, 42, 28, 60, 37, 26, 53, 26, 6, 24, 27, 36, 31, 42, 4, 54, 46]])
deveria ser
['debitis', 'eius', 'dolorem', 'accusamus', 'omnis', 'tempora', 'debitis', 'minus', 'omnis', 'nihil', 'repellendus', 'sint', 'minus', 'omnis', 'eius', 'ipsam', 'id', 'dolorem', 'quae', 'occaecati', 'debitis', 'necessitatibus', 'debitis', 'eius', 'minus', 'omnis', 'officia', 'debitis', 'accusamus', 'omnis', 'ex', 'minus', 'accusamus', 'omnis', 'repudiandae', 'debitis', 'minus', 'accusamus', 'eius', 'voluptate', 'minus', 'debitis', 'nihil', 'minus', 'minus', 'debitis', 'debitis', 'quae', 'dolorem', 'eius', 'dolorem', 'dolorem', 'ex', 'minus', 'nam', 'eius', 'dolorem', 'quae', 'eligendi', 'omnis', 'debitis', 'omnis', 'ipsam', 'eius', 'minus', 'omnis', 'debitis', 'accusamus', 'praesentium', 'aut', 'minus', 'minus', 'debitis', 'minus', 'debitis', 'debitis', 'omnis', 'occaecati', 'debitis', 'minus', 'debitis', 'impedit', 'omnis']
mas deu
['debitis' 'eius' 'dolorem' 'accusamus' 'omnis' 'tempora' 'debitis'
 'minus' 'omnis' 'nihil' 'repellendus' 'sint' 'minus' 'omnis' 'eius'
 'ipsam' 'id' 'dolorem' 'quae' 'occaecati' 'debitis' 'necessitatibus'
 'debitis' 'eius' 'minus' 'omnis' 'officia' 'debitis' 'accusamus' 'omnis'
 'ex' 'minus' 'accusamus' 'omnis' 'repudiandae' 'debitis' 'minus'
 'accusamus' 'eius' 'voluptate' 'minus' 'debitis' 'nihil' 'minus' 'minus'
 'debitis' 'debitis' 'quae' 'dolorem' 'eius' 'dolorem' 'dolorem' 'ex'
 'minus' 'nam' 'eius' 'dolorem' 'quae' 'eligendi' 'omnis' 'debitis'
 'omnis' 'ipsam' 'eius' 'minus' 'omnis' 'debitis' 'accusamus'
 'praesentium' 'aut' 'minus' 'minus' 'debitis' 'minus' 'debitis' 'debitis'
 'omnis' 'occaecati' 'debitis' 'minus' 'debitis' 'impedit' 'omnis']
Se nao entender esse erro, peça ajuda ao professor:
tester.py, 172: TypeError - only size-1 arrays can be converted to Python scalars
Teste 8 deu errado!
O resultado para
([[28, 38, 10, 33, 32, 12, 28, 37, 31, 18, 25, 26, 24, 40, 23, 13], [15, 20, 28, 11, 22, 28, 21, 34, 13, 33, 10, 29, 28, 10, 12, 39], [16, 21, 21, 27, 34, 40, 15, 21, 18, 14, 20, 12, 28, 30, 11, 29], [16, 36, 40, 40, 34, 38, 13, 31, 31, 19, 23, 34, 24, 36, 29, 29], [40, 27, 25, 36, 10, 34, 22, 30, 28, 23, 18, 32, 14, 29, 16, 36], [30, 39, 15, 38, 24, 29, 37, 24, 30, 37, 22, 12, 10, 38, 32, 21], [39, 14, 17, 32, 11, 34, 27, 31, 30, 38, 29, 10, 11, 12, 14, 12], [30, 11, 24, 27, 39, 17, 11, 18, 15, 29, 16, 27, 12, 40, 16, 40], [40, 27, 22, 26, 30, 37, 36, 40, 27, 30, 40, 36, 34, 11, 32, 34], [17, 37, 25, 30, 10, 20, 19, 21, 36, 38, 14, 17, 15, 29, 40, 10], [10, 39, 24, 10, 34, 37, 26, 34, 31, 24, 32, 26, 37, 32, 25, 31], [27, 11, 14, 30, 34, 34, 22, 23, 28, 11, 15, 22, 13, 40, 12, 39], [10, 36, 21, 19, 40, 11, 18, 26, 38, 35, 14, 22, 40, 36, 10, 28], [20, 39, 12, 40, 25, 17, 20, 26, 34, 24, 28, 22, 24, 15, 31, 20], [24, 25, 28, 27, 35, 30, 38, 39, 40, 35, 17, 39, 14, 18, 17, 25], [20, 23, 10, 34, 27, 20, 26, 10, 32, 28, 24, 35, 37, 19, 14, 35], [27, 26, 37, 22, 39, 12, 32, 40, 40, 33, 26, 20, 20, 32, 30, 19], [21, 37, 13, 14, 10, 15, 22, 13, 16, 33, 16, 12, 34, 10, 18, 24], [33, 20, 29, 25, 33, 13, 31, 33, 10, 36, 38, 35, 11, 32, 13, 16], [15, 21, 17, 16, 27, 34, 36, 26, 19, 13, 37, 39, 23, 26, 26, 37], [23, 21, 16, 13, 33, 27, 22, 24, 25, 15, 30, 12, 13, 25, 29, 11], [11, 34, 40, 38, 37, 11, 12, 21, 27, 20, 19, 10, 25, 40, 20, 17], [21, 16, 34, 30, 27, 16, 19, 39, 40, 30, 33, 21, 35, 14, 38, 35], [35, 22, 35, 39, 14, 17, 32, 25, 21, 37, 26, 35, 34, 35, 23, 35], [25, 31, 22, 13, 11, 35, 39, 13, 26, 33, 22, 13, 37, 10, 33, 23], [25, 25, 23, 20, 16, 26, 23, 29, 38, 29, 21, 20, 17, 26, 15, 18], [17, 34, 15, 21, 26, 40, 10, 24, 24, 10, 10, 22, 32, 16, 20, 30], [13, 17, 29, 24, 15, 14, 40, 16, 35, 36, 18, 22, 33, 26, 32, 11], [11, 35, 35, 17, 31, 35, 37, 37, 16, 31, 39, 16, 40, 16, 12, 19], [27, 13, 32, 39, 12, 13, 18, 24, 28, 37, 18, 34, 36, 13, 38, 28], [39, 34, 18, 22, 39, 26, 23, 14, 35, 10, 34, 31, 19, 32, 25, 39], [22, 29, 21, 13, 29, 38, 18, 37, 28, 28, 14, 25, 21, 21, 40, 32], [27, 31, 34, 25, 33, 31, 14, 39, 21, 16, 35, 25, 24, 14, 23, 23], [24, 25, 38, 12, 30, 10, 31, 29, 39, 31, 30, 23, 22, 37, 23, 34], [17, 13, 32, 17, 15, 33, 32, 25, 27, 38, 23, 39, 37, 31, 22, 26], [40, 17, 32, 28, 14, 11, 36, 32, 16, 30, 36, 37, 25, 12, 12, 21], [16, 23, 37, 25, 39, 19, 12, 16, 26, 36, 37, 33, 26, 13, 37, 17], [15, 18, 29, 27, 32, 31, 15, 10, 37, 30, 38, 33, 26, 40, 21, 32], [17, 20, 13, 30, 34, 28, 11, 40, 28, 15, 31, 35, 25, 21, 22, 12], [24, 16, 33, 19, 34, 27, 18, 19, 24, 17, 21, 15, 29, 11, 14, 29], [33, 11, 37, 14, 38, 15, 35, 17, 13, 29, 33, 25, 36, 25, 20, 33], [34, 18, 25, 11, 36, 40, 24, 32, 31, 32, 33, 13, 28, 20, 34, 31], [25, 34, 36, 39, 29, 11, 11, 13, 28, 35, 18, 38, 14, 10, 39, 22], [30, 26, 18, 26, 19, 23, 11, 15, 30, 25, 38, 27, 21, 29, 40, 24], [40, 33, 32, 37, 18, 16, 33, 29, 25, 28, 38, 22, 15, 11, 21, 11], [11, 29, 24, 23, 28, 28, 10, 20, 25, 14, 20, 23, 28, 26, 25, 30], [29, 30, 11, 16, 18, 40, 18, 28, 18, 24, 40, 22, 23, 34, 25, 35], [10, 40, 27, 30, 35, 12, 19, 40, 34, 10, 30, 37, 10, 40, 40, 18], [37, 15, 30, 30, 38, 32, 11, 38, 16, 28, 13, 11, 29, 29, 35, 35], [29, 18, 22, 18, 21, 36, 25, 16, 10, 17, 11, 14, 18, 10, 23, 40], [18, 35, 10, 31, 12, 26, 39, 20, 33, 23, 26, 38, 11, 10, 31, 37], [11, 31, 24, 17, 16, 13, 37, 13, 32, 12, 16, 32, 17, 39, 34, 38], [22, 29, 31, 40, 14, 14, 11, 25, 15, 10, 17, 12, 14, 21, 12, 22], [36, 32, 31, 18, 30, 20, 38, 20, 39, 14, 23, 21, 33, 28, 23, 12], [25, 25, 19, 32, 21, 35, 13, 28, 29, 11, 14, 38, 10, 31, 29, 29], [11, 20, 37, 33, 18, 14, 37, 20, 23, 30, 30, 25, 23, 33, 39, 17], [11, 31, 35, 24, 40, 13, 18, 28, 36, 23, 13, 33, 31, 35, 17, 10], [25, 10, 10, 34, 35, 39, 32, 12, 38, 20, 20, 36, 37, 16, 32, 35], [35, 10, 15, 34, 33, 34, 30, 28, 34, 30, 14, 25, 37, 17, 21, 31], [37, 37, 20, 31, 38, 24, 34, 17, 17, 29, 40, 39, 37, 24, 18, 30], [22, 26, 11, 28, 15, 20, 39, 34, 39, 26, 17, 25, 30, 18, 34, 28], [22, 32, 25, 38, 19, 35, 33, 29, 10, 15, 15, 34, 13, 35, 23, 26], [22, 29, 30, 13, 23, 30, 20, 29, 18, 20, 35, 27, 14, 28, 23, 17], [18, 32, 18, 17, 27, 32, 32, 27, 30, 22, 30, 13, 19, 20, 21, 37], [30, 35, 23, 20, 23, 26, 38, 32, 38, 24, 29, 30, 13, 17, 10, 35]], ['eius', 'sit', 'quas', 'voluptates', 'id', 'beatae', 'ratione', 'veniam', 'recusandae', 'voluptatibus', 'itaque', 'itaque', 'iste', 'laborum', 'corporis', 'sed', 'enim', 'eos', 'quasi', 'quia', 'debitis', 'ex', 'aut', 'esse', 'expedita', 'voluptas', 'amet', 'repudiandae', 'minima', 'quam', 'quod', 'quod', 'placeat', 'harum', 'dignissimos', 'laboriosam', 'minima', 'deserunt', 'dignissimos', 'soluta', 'nemo', 'quos', 'repellat', 'sit', 'laboriosam', 'dolorem', 'nesciunt', 'doloribus', 'excepturi', 'blanditiis', 'nemo', 'quae', 'corporis', 'maxime', 'temporibus', 'nulla', 'ab', 'sequi', 'totam', 'deserunt', 'accusantium', 'neque', 'at', 'error', 'suscipit'], [[30, 23, 12, 6, 35, 39, 59, 11, 10, 27, 42, 52, 21, 14, 2, 37], [59, 1, 17, 56, 52, 49, 18, 44, 25, 14, 4, 9, 39, 39, 51, 18], [50, 55, 20, 57, 38, 24, 13, 45, 32, 46, 34, 59, 59, 35, 26, 44], [39, 24, 23, 49, 16, 14, 29, 49, 13, 48, 26, 8, 39, 48, 21, 3], [34, 19, 6, 54, 1, 59, 20, 60, 49, 55, 20, 18, 40, 30, 31, 7], [17, 52, 60, 36, 38, 13, 29, 46, 39, 55, 56, 25, 23, 21, 12, 32], [59, 60, 3, 24, 5, 26, 41, 3, 1, 34, 8, 31, 24, 30, 52, 5], [37, 30, 35, 44, 27, 17, 35, 58, 27, 31, 30, 29, 6, 41, 15, 44], [39, 8, 28, 16, 26, 3, 30, 19, 58, 20, 37, 21, 8, 28, 15, 7], [7, 12, 36, 7, 54, 49, 44, 38, 39, 44, 55, 19, 7, 13, 37, 32], [6, 57, 17, 19, 39, 27, 5, 10, 20, 9, 22, 1, 22, 15, 6, 48], [30, 31, 2, 36, 29, 44, 59, 4, 51, 2, 38, 35, 29, 7, 28, 59], [22, 42, 55, 50, 27, 5, 8, 60, 48, 47, 11, 46, 54, 1, 45, 23], [39, 36, 23, 18, 34, 29, 32, 6, 43, 59, 53, 23, 37, 51, 50, 18], [38, 31, 3, 35, 14, 53, 36, 46, 7, 40, 32, 57, 52, 16, 56, 56], [25, 34, 22, 7, 27, 10, 18, 51, 28, 41, 26, 38, 14, 40, 24, 52], [20, 49, 43, 8, 42, 10, 42, 22, 26, 59, 7, 4, 58, 17, 13, 49], [37, 26, 56, 29, 2, 59, 22, 11, 50, 25, 41, 21, 57, 4, 48, 39], [8, 50, 18, 53, 29, 17, 8, 7, 8, 58, 29, 15, 7, 59, 56, 7], [59, 41, 50, 48, 50, 51, 33, 2, 4, 5, 22, 14, 43, 28, 23, 51], [34, 28, 21, 27, 15, 28, 44, 29, 43, 14, 9, 17, 31, 29, 46, 48], [4, 7, 42, 33, 57, 20, 30, 17, 1, 21, 17, 54, 4, 6, 59, 21], [16, 8, 14, 8, 13, 8, 34, 31, 5, 3, 25, 40, 12, 40, 20, 10], [40, 25, 14, 41, 19, 56, 30, 51, 9, 16, 19, 9, 30, 9, 29, 57], [17, 6, 44, 44, 37, 21, 17, 23, 15, 23, 4, 21, 31, 5, 40, 16], [25, 59, 28, 32, 41, 37, 28, 37, 39, 38, 16, 42, 24, 37, 31, 53], [30, 52, 35, 2, 48, 24, 40, 7, 6, 57, 47, 4, 52, 41, 23, 4], [6, 23, 5, 36, 28, 15, 50, 9, 17, 60, 40, 46, 47, 48, 13, 48], [14, 9, 38, 44, 8, 23, 53, 20, 49, 36, 12, 47, 15, 31, 58, 13], [51, 43, 19, 50, 4, 11, 24, 54, 18, 6, 40, 17, 25, 20, 17, 42], [40, 14, 20, 20, 7, 11, 30, 16, 36, 26, 47, 13, 11, 27, 55, 31], [54, 29, 57, 38, 30, 14, 21, 49, 52, 15, 56, 37, 20, 50, 59, 32], [46, 8, 60, 49, 50, 3, 19, 4, 21, 48, 42, 14, 20, 56, 11, 47], [40, 40, 12, 25, 32, 7, 46, 36, 15, 60, 51, 29, 15, 10, 51, 58], [22, 32, 46, 35, 18, 10, 31, 30, 53, 17, 7, 18, 7, 41, 48, 23], [18, 26, 58, 21, 38, 58, 4, 13, 21, 7, 19, 21, 6, 48, 47, 47], [17, 41, 1, 36, 58, 36, 12, 31, 41, 46, 16, 47, 58, 40, 4, 46], [20, 10, 18, 32, 27, 9, 40, 13, 10, 12, 26, 56, 16, 48, 28, 18], [4, 53, 37, 33, 51, 29, 32, 44, 8, 58, 41, 35, 52, 6, 49, 31], [41, 43, 38, 56, 43, 22, 50, 23, 2, 15, 29, 7, 32, 10, 15, 28], [6, 27, 38, 1, 25, 27, 15, 53, 12, 21, 28, 30, 19, 20, 35, 46], [60, 37, 18, 20, 33, 3, 37, 58, 39, 53, 37, 20, 24, 10, 35, 44], [42, 3, 3, 37, 36, 36, 20, 10, 47, 59, 18, 23, 22, 26, 38, 57], [59, 9, 24, 53, 44, 52, 56, 4, 60, 52, 24, 4, 36, 42, 56, 22], [48, 41, 43, 4, 57, 10, 54, 42, 15, 55, 44, 52, 19, 23, 39, 36], [58, 21, 42, 34, 43, 42, 29, 44, 32, 27, 19, 35, 18, 29, 1, 49], [19, 50, 38, 44, 47, 13, 55, 5, 43, 10, 37, 18, 11, 24, 46, 53], [34, 49, 28, 37, 48, 46, 5, 20, 18, 57, 58, 31, 37, 27, 41, 31], [25, 54, 11, 21, 40, 58, 10, 51, 42, 28, 17, 49, 57, 29, 20, 18], [17, 45, 8, 46, 25, 46, 58, 38, 15, 40, 33, 36, 23, 37, 7, 40], [6, 7, 36, 58, 21, 25, 60, 7, 11, 48, 23, 56, 50, 8, 8, 18], [35, 23, 1, 26, 21, 31, 45, 33, 48, 4, 9, 39, 49, 23, 4, 18], [57, 41, 53, 12, 24, 55, 7, 23, 48, 25, 48, 60, 56, 32, 2, 55], [45, 7, 54, 20, 19, 46, 20, 7, 7, 53, 10, 37, 12, 27, 40, 31], [45, 9, 26, 53, 29, 33, 3, 48, 37, 3, 1, 28, 51, 12, 54, 49], [48, 6, 26, 33, 54, 17, 8, 19, 50, 21, 23, 24, 29, 52, 59, 7], [49, 58, 53, 54, 44, 9, 9, 46, 41, 55, 15, 27, 27, 54, 49, 17], [16, 38, 7, 48, 4, 60, 33, 38, 34, 22, 16, 20, 20, 42, 34, 41], [36, 40, 25, 30, 23, 36, 50, 55, 1, 31, 40, 51, 46, 31, 25, 35], [41, 8, 43, 42, 35, 60, 13, 47, 1, 22, 13, 58, 44, 53, 39, 51], [4, 20, 13, 2, 58, 8, 27, 44, 32, 29, 44, 35, 41, 16, 1, 43], [2, 59, 30, 56, 33, 53, 43, 55, 29, 1, 6, 56, 1, 45, 41, 8], [34, 20, 37, 1, 57, 10, 58, 14, 30, 39, 19, 3, 3, 44, 16, 49], [22, 16, 50, 7, 14, 53, 12, 21, 40, 11, 42, 2, 52, 23, 5, 17], [23, 22, 9, 40, 40, 48, 13, 40, 45, 17, 49, 7, 5, 57, 35, 55]])
deveria ser
['deserunt', 'totam', 'deserunt', 'ratione', 'voluptatibus', 'minima', 'laboriosam', 'beatae', 'harum', 'minima', 'doloribus', 'quod', 'corporis', 'deserunt', 'blanditiis', 'harum', 'sit', 'nesciunt', 'beatae', 'quod', 'accusantium', 'corporis', 'harum', 'blanditiis', 'sit', 'itaque', 'deserunt', 'deserunt', 'corporis', 'laboriosam', 'id', 'recusandae', 'deserunt', 'laboriosam', 'harum', 'dolorem', 'iste', 'repudiandae', 'minima', 'laboriosam', 'itaque', 'laboriosam', 'sequi', 'corporis', 'minima', 'enim', 'nemo', 'deserunt', 'corporis', 'suscipit', 'sequi', 'corporis', 'amet', 'sequi', 'recusandae', 'laboriosam', 'doloribus', 'eius', 'deserunt', 'veniam', 'deserunt', 'doloribus', 'harum', 'deserunt', 'enim']
mas deu
['deserunt' 'totam' 'deserunt' 'ratione' 'voluptatibus' 'minima'
 'laboriosam' 'beatae' 'harum' 'minima' 'doloribus' 'quod' 'corporis'
 'deserunt' 'blanditiis' 'harum' 'sit' 'nesciunt' 'beatae' 'quod'
 'accusantium' 'corporis' 'harum' 'blanditiis' 'sit' 'itaque' 'deserunt'
 'deserunt' 'corporis' 'laboriosam' 'id' 'recusandae' 'deserunt'
 'laboriosam' 'harum' 'dolorem' 'iste' 'repudiandae' 'minima' 'laboriosam'
 'itaque' 'laboriosam' 'sequi' 'corporis' 'minima' 'enim' 'nemo'
 'deserunt' 'corporis' 'suscipit' 'sequi' 'corporis' 'amet' 'sequi'
 'recusandae' 'laboriosam' 'doloribus' 'eius' 'deserunt' 'veniam'
 'deserunt' 'doloribus' 'harum' 'deserunt' 'enim']
Se nao entender esse erro, peça ajuda ao professor:
tester.py, 172: TypeError - only size-1 arrays can be converted to Python scalars
Teste 9 deu errado!
O resultado para
([[15, 33, 15, 17, 26], [12, 26, 40, 36, 23], [12, 24, 10, 28, 29], [18, 34, 32, 16, 20], [34, 22, 15, 20, 19], [38, 25, 25, 33, 27], [24, 24, 37, 18, 33], [35, 21, 10, 40, 23], [39, 29, 10, 11, 16], [26, 34, 10, 13, 19], [33, 12, 40, 39, 27], [14, 29, 12, 31, 33], [33, 28, 33, 32, 35], [11, 25, 17, 17, 39], [21, 20, 26, 14, 37], [10, 28, 18, 26, 10], [36, 24, 11, 18, 33], [16, 12, 26, 22, 11], [33, 28, 20, 23, 15], [17, 26, 36, 24, 13], [39, 37, 29, 28, 31]], ['dolorem', 'atque', 'maiores', 'debitis', 'porro', 'excepturi', 'velit', 'voluptatum', 'quam', 'repudiandae', 'inventore', 'velit', 'provident', 'voluptatem', 'ipsam', 'nulla', 'fuga', 'enim', 'debitis', 'laborum', 'autem'], [[22, 41, 44, 39, 53], [31, 32, 28, 49, 30], [60, 42, 2, 38, 3], [22, 27, 22, 23, 42], [5, 3, 40, 45, 19], [40, 19, 41, 38, 2], [49, 29, 17, 19, 59], [33, 27, 16, 9, 15], [16, 44, 27, 50, 49], [60, 12, 48, 39, 50], [47, 42, 30, 59, 57], [2, 43, 9, 15, 38], [40, 49, 25, 5, 19], [52, 27, 17, 4, 54], [58, 6, 14, 6, 57], [40, 54, 4, 4, 59], [43, 30, 10, 28, 56], [60, 51, 8, 60, 37], [48, 32, 16, 22, 21], [37, 41, 53, 24, 15], [11, 35, 20, 28, 9]])
deveria ser
['atque', 'provident', 'quam', 'velit', 'atque', 'atque', 'fuga', 'quam', 'provident', 'inventore', 'autem', 'voluptatem', 'quam', 'quam', 'ipsam', 'quam', 'fuga', 'autem', 'debitis', 'debitis', 'nulla']
mas deu
['atque' 'provident' 'quam' 'velit' 'atque' 'atque' 'fuga' 'quam'
 'provident' 'inventore' 'autem' 'voluptatem' 'quam' 'quam' 'ipsam' 'quam'
 'fuga' 'autem' 'debitis' 'debitis' 'nulla']
Se nao entender esse erro, peça ajuda ao professor:
tester.py, 172: TypeError - only size-1 arrays can be converted to Python scalars
Teste 10 deu errado!
O resultado para
([[16, 19, 15, 32, 32, 25, 34, 16, 38, 10, 26, 14], [40, 28, 33, 18, 15, 18, 26, 13, 23, 39, 26, 36], [35, 40, 36, 20, 15, 13, 14, 12, 14, 18, 22, 39], [18, 17, 20, 16, 30, 33, 12, 34, 21, 19, 37, 10], [28, 23, 24, 40, 31, 32, 38, 35, 36, 33, 24, 34], [11, 30, 30, 14, 27, 21, 30, 25, 28, 39, 29, 11], [17, 16, 38, 40, 15, 11, 34, 14, 10, 23, 23, 18], [22, 37, 33, 16, 26, 24, 18, 18, 12, 28, 30, 14], [33, 15, 39, 20, 21, 13, 24, 24, 11, 34, 25, 37], [25, 16, 15, 18, 11, 40, 33, 40, 32, 29, 34, 17], [29, 20, 31, 30, 28, 12, 11, 15, 13, 14, 23, 39], [27, 34, 19, 33, 33, 19, 19, 21, 12, 21, 36, 40], [39, 19, 16, 36, 35, 36, 20, 34, 15, 37, 31, 23], [37, 10, 14, 16, 31, 35, 35, 14, 18, 14, 14, 15], [29, 29, 36, 17, 25, 14, 35, 33, 10, 10, 22, 33], [15, 19, 21, 11, 35, 26, 28, 27, 22, 25, 34, 18], [25, 40, 16, 24, 29, 33, 31, 30, 20, 36, 14, 34], [39, 40, 11, 35, 18, 36, 16, 39, 13, 13, 31, 33], [14, 12, 39, 37, 25, 17, 31, 40, 19, 22, 18, 33], [39, 39, 18, 28, 25, 13, 27, 31, 13, 14, 35, 13], [39, 15, 22, 29, 22, 24, 36, 19, 19, 33, 11, 11], [30, 19, 21, 34, 30, 38, 40, 30, 39, 18, 32, 36], [29, 20, 25, 14, 17, 38, 10, 26, 32, 39, 18, 32], [38, 10, 12, 17, 15, 24, 18, 15, 25, 30, 25, 25], [12, 39, 11, 38, 20, 22, 17, 16, 10, 32, 39, 38], [19, 39, 24, 14, 22, 36, 26, 33, 32, 36, 34, 18]], ['veritatis', 'inventore', 'modi', 'atque', 'autem', 'nobis', 'iure', 'inventore', 'totam', 'neque', 'voluptates', 'voluptatibus', 'nobis', 'ipsam', 'facere', 'maiores', 'illum', 'est', 'sint', 'sit', 'vero', 'magnam', 'dicta', 'repellat', 'perferendis', 'sit'], [[9, 21, 10, 42, 22, 19, 38, 20, 51, 12, 59, 19], [24, 46, 44, 1, 15, 22, 34, 47, 22, 6, 11, 57], [16, 2, 10, 42, 28, 59, 57, 35, 30, 11, 43, 39], [27, 56, 17, 11, 15, 7, 21, 38, 60, 47, 34, 58], [2, 46, 12, 36, 36, 6, 14, 3, 29, 16, 10, 58], [51, 42, 44, 13, 60, 39, 18, 57, 35, 49, 57, 54], [10, 55, 32, 19, 48, 12, 28, 7, 36, 19, 20, 51], [23, 21, 47, 24, 50, 25, 23, 14, 15, 33, 39, 59], [56, 48, 10, 1, 36, 22, 42, 6, 32, 38, 30, 3], [3, 17, 32, 16, 48, 11, 27, 20, 53, 46, 1, 36], [11, 46, 15, 6, 35, 27, 1, 43, 47, 21, 9, 58], [31, 37, 48, 18, 55, 49, 37, 18, 14, 2, 37, 28], [19, 23, 34, 22, 40, 28, 23, 2, 33, 33, 17, 9], [20, 30, 18, 59, 14, 5, 16, 4, 34, 60, 43, 14], [15, 58, 3, 27, 26, 41, 37, 33, 50, 16, 47, 46], [14, 49, 40, 11, 19, 17, 22, 49, 2, 43, 55, 47], [30, 26, 57, 32, 46, 21, 17, 4, 31, 39, 21, 30], [46, 11, 11, 42, 37, 30, 28, 10, 37, 21, 45, 6], [40, 43, 42, 7, 4, 20, 8, 15, 34, 49, 39, 25], [56, 1, 26, 16, 18, 23, 39, 4, 1, 57, 1, 43], [23, 2, 32, 17, 18, 28, 37, 10, 40, 30, 11, 35], [57, 40, 11, 30, 32, 27, 8, 19, 4, 20, 3, 37], [15, 7, 20, 48, 46, 7, 60, 12, 3, 58, 5, 13], [44, 52, 14, 31, 24, 25, 21, 28, 59, 3, 49, 18], [7, 40, 12, 41, 20, 32, 25, 33, 30, 29, 60, 38], [22, 36, 26, 44, 42, 36, 1, 54, 47, 34, 36, 45]])
deveria ser
['magnam', 'facere', 'veritatis', 'sit', 'voluptates', 'inventore', 'modi', 'voluptatibus', 'nobis', 'nobis', 'maiores', 'inventore', 'inventore', 'nobis', 'est', 'sint', 'inventore', 'ipsam', 'inventore', 'ipsam', 'vero', 'est', 'nobis', 'veritatis', 'perferendis', 'autem']
mas deu
['magnam' 'facere' 'veritatis' 'sit' 'voluptates' 'inventore' 'modi'
 'voluptatibus' 'nobis' 'nobis' 'maiores' 'inventore' 'inventore' 'nobis'
 'est' 'sint' 'inventore' 'ipsam' 'inventore' 'ipsam' 'vero' 'est' 'nobis'
 'veritatis' 'perferendis' 'autem']
Se nao entender esse erro, peça ajuda ao professor:
tester.py, 172: TypeError - only size-1 arrays can be converted to Python scalars
Teste 11 deu errado!
Se nao entender esse erro, peça ajuda ao professor:
tester.py, 172: TypeError - only size-1 arrays can be converted to Python scalars
Teste 12 deu errado!
Se nao entender esse erro, peça ajuda ao professor:
tester.py, 172: TypeError - only size-1 arrays can be converted to Python scalars
Teste 13 deu errado!
Se nao entender esse erro, peça ajuda ao professor:
tester.py, 172: TypeError - only size-1 arrays can be converted to Python scalars
Teste 14 deu errado!
Se nao entender esse erro, peça ajuda ao professor:
tester.py, 172: TypeError - only size-1 arrays can be converted to Python scalars
Teste 15 deu errado!
Se nao entender esse erro, peça ajuda ao professor:
tester.py, 172: TypeError - only size-1 arrays can be converted to Python scalars
Teste 16 deu errado!
Se nao entender esse erro, peça ajuda ao professor:
tester.py, 172: TypeError - only size-1 arrays can be converted to Python scalars
Teste 17 deu errado!
Se nao entender esse erro, peça ajuda ao professor:
tester.py, 172: TypeError - only size-1 arrays can be converted to Python scalars
Teste 18 deu errado!
Se nao entender esse erro, peça ajuda ao professor:
tester.py, 172: TypeError - only size-1 arrays can be converted to Python scalars
Teste 19 deu errado!
Se nao entender esse erro, peça ajuda ao professor:
tester.py, 172: TypeError - only size-1 arrays can be converted to Python scalars
Teste 20 deu errado!
Nota exercicio 1: 0.0
Procurando exercício 2...
Exercício 2...
Teste 1: correto!
Teste 2: correto!
Teste 3: correto!
Teste 4: correto!
Teste 5: correto!
Teste 6: correto!
Teste 7: correto!
Teste 8: correto!
Teste 9: correto!
Teste 10: correto!
Teste 11: correto!
Teste 12: correto!
Teste 13: correto!
Teste 14: correto!
Teste 15: correto!
Teste 16: correto!
Teste 17: correto!
Teste 18: correto!
Teste 19: correto!
Teste 20: correto!
Nota exercicio 2: 2.0
Procurando exercício 3...
Exercício 3...
Teste 1 deu errado!
O resultado para
(0,)
deveria ser
no máximo 100000
mas deu
4.053115844726563e-09
Teste 2 deu errado!
O resultado para
(1,)
deveria ser
no máximo 1000000
mas deu
0.0010010836124420166
Teste 3 deu errado!
O resultado para
(2,)
deveria ser
no máximo 2000000
mas deu
0.002002085208892822
Teste 4 deu errado!
O resultado para
(3,)
deveria ser
no máximo 3000000
mas deu
0.0030030677318573
Teste 5 deu errado!
O resultado para
(4,)
deveria ser
no máximo 4000000
mas deu
0.004004097700119018
Teste 6 deu errado!
O resultado para
(5,)
deveria ser
no máximo 5000000
mas deu
0.0050051090717315675
Teste 7 deu errado!
O resultado para
(6,)
deveria ser
no máximo 6000000
mas deu
0.00600610876083374
Teste 8 deu errado!
O resultado para
(7,)
deveria ser
no máximo 7000000
mas deu
0.007007086277008056
Teste 9 deu errado!
O resultado para
(8,)
deveria ser
no máximo 8000000
mas deu
0.008008110046386718
Teste 10 deu errado!
O resultado para
(9,)
deveria ser
no máximo 9000000
mas deu
0.009009108304977417
Nota exercicio 3: 0.0
Procurando exercício 4...
Exercício 4...
Teste 1: correto!
Teste 2: correto!
Teste 3: correto!
Teste 4: correto!
Teste 5: correto!
Teste 6 deu errado!
O resultado para
(datetime.date(3551, 9, 1),)
deveria ser
sábado
mas deu
sabado
Teste 7: correto!
Teste 8: correto!
Teste 9: correto!
Teste 10 deu errado!
O resultado para
(datetime.date(2802, 4, 27),)
deveria ser
sábado
mas deu
sabado
Teste 11: correto!
Teste 12: correto!
Teste 13: correto!
Teste 14 deu errado!
Teste 15: correto!
Teste 16 deu errado!
Teste 17 deu errado!
Teste 18: correto!
Teste 19: correto!
Teste 20: correto!
Nota exercicio 4: 1.5
Procurando exercício 5...
Exercício 5...
Teste 1: correto!
Teste 2: correto!
Teste 3: correto!
Teste 4: correto!
Teste 5: correto!
Teste 6: correto!
Teste 7: correto!
Teste 8: correto!
Teste 9: correto!
Teste 10: correto!
Teste 11: correto!
Teste 12: correto!
Teste 13: correto!
Teste 14: correto!
Teste 15: correto!
Teste 16: correto!
Teste 17: correto!
Teste 18: correto!
Teste 19: correto!
Teste 20: correto!
Nota exercicio 5: 2.0
Procurando exercício 6...
Procurando exercício 7...
Procurando exercício 8...
Exercício 8...
Teste 1: correto!
Teste 2: correto!
Teste 3: correto!
Teste 4: correto!
Teste 5: correto!
Teste 6: correto!
Teste 7: correto!
Teste 8: correto!
Teste 9: correto!
Teste 10: correto!
Teste 11: correto!
Teste 12: correto!
Teste 13: correto!
Teste 14: correto!
Teste 15: correto!
Teste 16: correto!
Teste 17: correto!
Teste 18: correto!
Teste 19: correto!
Teste 20: correto!
Nota exercicio 8: 1.0
Nota total: 6.5
{"scores": {"ex1": 0.0, "ex2": 2.0, "ex3": 0.0, "ex4": 1.5, "ex5": 2.0, "ex6": 0, "ex7": 0, "ex8": 1.0}}
