Varificando data de envio...
PRAZO MÁXIMO: 2021-09-20T23:59:59-03:00
Testando sua solucao...
Procurando exercício 1...
Procurando exercício 2...
Exercício 2...
Teste 1: correto!
Teste 2: correto!
Teste 3 deu errado!
O resultado para
1
5
1

deveria ser
[1,2,3,4,5]
mas deu
[0, 1, 2, 3, 4, 5]

Teste 4: correto!
Teste 5: correto!
Teste 6: correto!
Teste 7: correto!
Teste 8: correto!
Teste 9 deu errado!
O resultado para
-725
318
22

deveria ser
[-704, -682, -660, -638, -616, -594, -572, -550, -528, -506, -484, -462, -440, -418, -396, -374, -352, -330, -308, -286, -264, -242, -220, -198, -176, -154, -132, -110, -88, -66, -44, -22, 0, 22, 44, 66, 88, 110, 132, 154, 176, 198, 220, 242, 264, 286, 308]
mas deu
[-726, -704, -682, -660, -638, -616, -594, -572, -550, -528, -506, -484, -462, -440, -418, -396, -374, -352, -330, -308, -286, -264, -242, -220, -198, -176, -154, -132, -110, -88, -66, -44, -22, 0, 22, 44, 66, 88, 110, 132, 154, 176, 198, 220, 242, 264, 286, 308]

Teste 10: correto!
Teste 11: correto!
Teste 12 deu errado!
O resultado para
-959
653
8

deveria ser
[-952, -944, -936, -928, -920, -912, -904, -896, -888, -880, -872, -864, -856, -848, -840, -832, -824, -816, -808, -800, -792, -784, -776, -768, -760, -752, -744, -736, -728, -720, -712, -704, -696, -688, -680, -672, -664, -656, -648, -640, -632, -624, -616, -608, -600, -592, -584, -576, -568, -560, -552, -544, -536, -528, -520, -512, -504, -496, -488, -480, -472, -464, -456, -448, -440, -432, -424, -416, -408, -400, -392, -384, -376, -368, -360, -352, -344, -336, -328, -320, -312, -304, -296, -288, -280, -272, -264, -256, -248, -240, -232, -224, -216, -208, -200, -192, -184, -176, -168, -160, -152, -144, -136, -128, -120, -112, -104, -96, -88, -80, -72, -64, -56, -48, -40, -32, -24, -16, -8, 0, 8, 16, 24, 32, 40, 48, 56, 64, 72, 80, 88, 96, 104, 112, 120, 128, 136, 144, 152, 160, 168, 176, 184, 192, 200, 208, 216, 224, 232, 240, 248, 256, 264, 272, 280, 288, 296, 304, 312, 320, 328, 336, 344, 352, 360, 368, 376, 384, 392, 400, 408, 416, 424, 432, 440, 448, 456, 464, 472, 480, 488, 496, 504, 512, 520, 528, 536, 544, 552, 560, 568, 576, 584, 592, 600, 608, 616, 624, 632, 640, 648]
mas deu
[-960, -952, -944, -936, -928, -920, -912, -904, -896, -888, -880, -872, -864, -856, -848, -840, -832, -824, -816, -808, -800, -792, -784, -776, -768, -760, -752, -744, -736, -728, -720, -712, -704, -696, -688, -680, -672, -664, -656, -648, -640, -632, -624, -616, -608, -600, -592, -584, -576, -568, -560, -552, -544, -536, -528, -520, -512, -504, -496, -488, -480, -472, -464, -456, -448, -440, -432, -424, -416, -408, -400, -392, -384, -376, -368, -360, -352, -344, -336, -328, -320, -312, -304, -296, -288, -280, -272, -264, -256, -248, -240, -232, -224, -216, -208, -200, -192, -184, -176, -168, -160, -152, -144, -136, -128, -120, -112, -104, -96, -88, -80, -72, -64, -56, -48, -40, -32, -24, -16, -8, 0, 8, 16, 24, 32, 40, 48, 56, 64, 72, 80, 88, 96, 104, 112, 120, 128, 136, 144, 152, 160, 168, 176, 184, 192, 200, 208, 216, 224, 232, 240, 248, 256, 264, 272, 280, 288, 296, 304, 312, 320, 328, 336, 344, 352, 360, 368, 376, 384, 392, 400, 408, 416, 424, 432, 440, 448, 456, 464, 472, 480, 488, 496, 504, 512, 520, 528, 536, 544, 552, 560, 568, 576, 584, 592, 600, 608, 616, 624, 632, 640, 648]

Teste 13: correto!
Teste 14: correto!
Teste 15: correto!
Teste 16: correto!
Teste 17 deu errado!
O resultado para
457
759
8

deveria ser
[464, 472, 480, 488, 496, 504, 512, 520, 528, 536, 544, 552, 560, 568, 576, 584, 592, 600, 608, 616, 624, 632, 640, 648, 656, 664, 672, 680, 688, 696, 704, 712, 720, 728, 736, 744, 752]
mas deu
[456, 464, 472, 480, 488, 496, 504, 512, 520, 528, 536, 544, 552, 560, 568, 576, 584, 592, 600, 608, 616, 624, 632, 640, 648, 656, 664, 672, 680, 688, 696, 704, 712, 720, 728, 736, 744, 752]

Teste 18 deu errado!
O resultado para
-570
-583
8

deveria ser
[-576]
mas deu
[-584, -576]

Teste 19: correto!
Teste 20 deu errado!
O resultado para
-683
47
3

deveria ser
[-681, -678, -675, -672, -669, -666, -663, -660, -657, -654, -651, -648, -645, -642, -639, -636, -633, -630, -627, -624, -621, -618, -615, -612, -609, -606, -603, -600, -597, -594, -591, -588, -585, -582, -579, -576, -573, -570, -567, -564, -561, -558, -555, -552, -549, -546, -543, -540, -537, -534, -531, -528, -525, -522, -519, -516, -513, -510, -507, -504, -501, -498, -495, -492, -489, -486, -483, -480, -477, -474, -471, -468, -465, -462, -459, -456, -453, -450, -447, -444, -441, -438, -435, -432, -429, -426, -423, -420, -417, -414, -411, -408, -405, -402, -399, -396, -393, -390, -387, -384, -381, -378, -375, -372, -369, -366, -363, -360, -357, -354, -351, -348, -345, -342, -339, -336, -333, -330, -327, -324, -321, -318, -315, -312, -309, -306, -303, -300, -297, -294, -291, -288, -285, -282, -279, -276, -273, -270, -267, -264, -261, -258, -255, -252, -249, -246, -243, -240, -237, -234, -231, -228, -225, -222, -219, -216, -213, -210, -207, -204, -201, -198, -195, -192, -189, -186, -183, -180, -177, -174, -171, -168, -165, -162, -159, -156, -153, -150, -147, -144, -141, -138, -135, -132, -129, -126, -123, -120, -117, -114, -111, -108, -105, -102, -99, -96, -93, -90, -87, -84, -81, -78, -75, -72, -69, -66, -63, -60, -57, -54, -51, -48, -45, -42, -39, -36, -33, -30, -27, -24, -21, -18, -15, -12, -9, -6, -3, 0, 3, 6, 9, 12, 15, 18, 21, 24, 27, 30, 33, 36, 39, 42, 45]
mas deu
[-684, -681, -678, -675, -672, -669, -666, -663, -660, -657, -654, -651, -648, -645, -642, -639, -636, -633, -630, -627, -624, -621, -618, -615, -612, -609, -606, -603, -600, -597, -594, -591, -588, -585, -582, -579, -576, -573, -570, -567, -564, -561, -558, -555, -552, -549, -546, -543, -540, -537, -534, -531, -528, -525, -522, -519, -516, -513, -510, -507, -504, -501, -498, -495, -492, -489, -486, -483, -480, -477, -474, -471, -468, -465, -462, -459, -456, -453, -450, -447, -444, -441, -438, -435, -432, -429, -426, -423, -420, -417, -414, -411, -408, -405, -402, -399, -396, -393, -390, -387, -384, -381, -378, -375, -372, -369, -366, -363, -360, -357, -354, -351, -348, -345, -342, -339, -336, -333, -330, -327, -324, -321, -318, -315, -312, -309, -306, -303, -300, -297, -294, -291, -288, -285, -282, -279, -276, -273, -270, -267, -264, -261, -258, -255, -252, -249, -246, -243, -240, -237, -234, -231, -228, -225, -222, -219, -216, -213, -210, -207, -204, -201, -198, -195, -192, -189, -186, -183, -180, -177, -174, -171, -168, -165, -162, -159, -156, -153, -150, -147, -144, -141, -138, -135, -132, -129, -126, -123, -120, -117, -114, -111, -108, -105, -102, -99, -96, -93, -90, -87, -84, -81, -78, -75, -72, -69, -66, -63, -60, -57, -54, -51, -48, -45, -42, -39, -36, -33, -30, -27, -24, -21, -18, -15, -12, -9, -6, -3, 0, 3, 6, 9, 12, 15, 18, 21, 24, 27, 30, 33, 36, 39, 42, 45]

Nota exercicio 2: 0.7000000000000001
Procurando exercício 3...
Exercício 3...
Teste 1: correto!
Teste 2: correto!
Teste 3: correto!
Teste 4: correto!
Teste 5: correto!
Teste 6: correto!
Teste 7: correto!
Teste 8: correto!
Teste 9: correto!
Teste 10: correto!
Teste 11: correto!
Teste 12: correto!
Teste 13: correto!
Teste 14: correto!
Teste 15: correto!
Teste 16: correto!
Teste 17: correto!
Teste 18: correto!
Teste 19: correto!
Teste 20: correto!
Nota exercicio 3: 2.0
Procurando exercício 4...
Procurando exercício 5...
Exercício 5...
Teste 1: correto!
Teste 2: correto!
Teste 3: correto!
Teste 4: correto!
Teste 5: correto!
Teste 6: correto!
Teste 7: correto!
Teste 8: correto!
Teste 9: correto!
Teste 10: correto!
Teste 11: correto!
Teste 12: correto!
Teste 13: correto!
Teste 14: correto!
Teste 15: correto!
Teste 16: correto!
Teste 17: correto!
Teste 18: correto!
Teste 19: correto!
Teste 20: correto!
Nota exercicio 5: 2.0
Procurando exercício 6...
Exercício 6...
Teste 1: correto!
Teste 2: correto!
Teste 3: correto!
Teste 4: correto!
Teste 5: correto!
Teste 6: correto!
Teste 7: correto!
Teste 8: correto!
Teste 9: correto!
Teste 10: correto!
Teste 11: correto!
Teste 12: correto!
Teste 13: correto!
Teste 14: correto!
Teste 15: correto!
Teste 16: correto!
Teste 17: correto!
Teste 18: correto!
Teste 19: correto!
Teste 20: correto!
Nota exercicio 6: 1.0
Procurando exercício 7...
Exercício 7...
{4} {4}
Teste 1: correto!
set() set()
Teste 2: correto!
{4, 5} {4, 5}
Teste 3: correto!
set() set()
Teste 4: correto!
{1, 6, 9, 16, 21, 24, 31, 36, 37, 50, 55, 56, 58, 72, 75, 76, 77, 86, 88, 89, 90, 93, 97} {1, 6, 9, 16, 21, 24, 31, 36, 37, 50, 55, 56, 58, 72, 75, 76, 77, 86, 88, 89, 90, 93, 97}
Teste 5: correto!
set() set()
Teste 6: correto!
{10, 4, 85} {10, 4, 85}
Teste 7: correto!
{1, 4, 6, 15, 17, 25, 27, 29, 34, 37, 40, 41, 42, 44, 48, 51, 54, 55, 59, 60, 61, 63, 65, 71, 72, 73, 74, 81, 82, 84, 87, 88, 97, 99, 100} {1, 4, 6, 15, 17, 25, 27, 29, 34, 37, 40, 41, 42, 44, 48, 51, 54, 55, 59, 60, 61, 63, 65, 71, 72, 73, 74, 81, 82, 84, 87, 88, 97, 99, 100}
Teste 8: correto!
{1, 69, 5, 70, 40, 42, 43, 14, 48, 19, 20, 22, 30, 60, 94, 63} {1, 5, 69, 70, 40, 42, 43, 14, 48, 19, 20, 22, 94, 60, 30, 63}
Teste 9: correto!
{66, 36, 4, 9, 74, 11, 44, 77, 46, 15, 48, 82, 19, 20, 21, 87, 27, 63} {66, 36, 4, 9, 74, 11, 44, 77, 46, 15, 48, 82, 19, 20, 21, 87, 27, 63}
Teste 10: correto!
{100, 68, 5, 40, 73, 74, 13, 49, 31, 62, 95} {100, 5, 68, 40, 73, 74, 13, 49, 31, 62, 95}
Teste 11: correto!
{2, 4, 11, 12, 15, 18, 24, 31, 32, 34, 36, 40, 42, 43, 45, 46, 51, 57, 58, 62, 63, 65, 66, 68, 70, 71, 76, 77, 79, 80, 90, 98} {2, 4, 11, 12, 15, 18, 24, 31, 32, 34, 36, 40, 42, 43, 45, 46, 51, 57, 58, 62, 63, 65, 66, 68, 70, 71, 76, 77, 79, 80, 90, 98}
Teste 12: correto!
{99, 100, 36, 69, 73, 82, 83, 57} {99, 100, 69, 36, 73, 82, 83, 57}
Teste 13: correto!
{1, 7, 8, 10, 15, 18, 22, 25, 29, 33, 34, 35, 41, 44, 50, 79, 83, 89, 90, 96, 97} {1, 7, 8, 10, 15, 18, 22, 25, 29, 33, 34, 35, 41, 44, 50, 79, 83, 89, 90, 96, 97}
Teste 14: correto!
{96, 41, 12, 92} {96, 41, 12, 92}
Teste 15: correto!
{4, 40, 72, 47, 79, 81} {4, 40, 72, 47, 79, 81}
Teste 16: correto!
{1, 2, 7, 11, 16, 18, 19, 20, 25, 38, 47, 50, 56, 57, 62, 66, 77, 82, 86, 91, 99, 100} {1, 2, 7, 11, 16, 18, 19, 20, 25, 38, 47, 50, 56, 57, 62, 66, 77, 82, 86, 91, 99, 100}
Teste 17: correto!
{13, 14, 17, 19, 20, 27, 35, 36, 38, 44, 45, 46, 48, 51, 54, 56, 70, 71, 75, 81, 85, 88, 89, 93, 95, 96, 97} {13, 14, 17, 19, 20, 27, 35, 36, 38, 44, 45, 46, 48, 51, 54, 56, 70, 71, 75, 81, 85, 88, 89, 93, 95, 96, 97}
Teste 18: correto!
{2, 8, 16, 21, 23, 25, 27, 31, 33, 41, 43, 45, 46, 49, 53, 59, 60, 65, 74, 76, 79, 83, 86, 88, 89, 94, 96} {2, 8, 16, 21, 23, 25, 27, 31, 33, 41, 43, 45, 46, 49, 53, 59, 60, 65, 74, 76, 79, 83, 86, 88, 89, 94, 96}
Teste 19: correto!
{99, 58, 11, 44, 82, 83, 20, 85, 19, 86, 55, 57, 90, 93} {99, 58, 11, 44, 82, 19, 83, 85, 86, 55, 20, 57, 90, 93}
Teste 20: correto!
Nota exercicio 7: 2.0
Nota total: 7.7
{"scores": {"ex1": 0, "ex2": 0.7000000000000001, "ex3": 2.0, "ex4": 0, "ex5": 2.0, "ex6": 1.0, "ex7": 2.0, "ex8": 0, "ex9": 0, "ex10": 0}}
