Varificando data de envio...
PRAZO MÁXIMO: 2021-11-30T23:59:59-03:00
Testando sua solucao...
Procurando exercício 1...
Exercício 1...
Se nao entender esse erro, peça ajuda ao professor:
tester.py, 172: TypeError - only size-1 arrays can be converted to Python scalars
Teste 1 deu errado!
O resultado para
([[1, 2, 3], [11, 12, 13], [1, 14, 10], [10, 20, 10]], [0, 1, 2, 3], [[4, 5, 6], [14, 15, 16], [5, 19, 10], [1, 10, 15]])
deveria ser
[0, 1, 3, 2]
mas deu
[0 1 3 2]
Se nao entender esse erro, peça ajuda ao professor:
tester.py, 172: TypeError - only size-1 arrays can be converted to Python scalars
Teste 2 deu errado!
O resultado para
([[22, 39, 26, 13, 32, 16, 27, 20, 38, 14, 25, 16, 28, 40, 28, 36], [31, 16, 37, 21, 27, 12, 36, 28, 18, 39, 29, 15, 13, 16, 12, 29], [29, 38, 38, 33, 39, 21, 20, 21, 34, 38, 25, 18, 17, 22, 33, 16], [35, 28, 10, 38, 40, 24, 31, 22, 24, 22, 27, 24, 31, 26, 23, 34], [13, 20, 15, 10, 10, 34, 11, 21, 20, 38, 28, 23, 32, 12, 24, 12], [39, 36, 11, 25, 37, 31, 32, 27, 26, 14, 27, 14, 16, 33, 36, 15], [23, 16, 16, 18, 15, 39, 16, 39, 30, 19, 16, 34, 34, 12, 28, 21], [22, 19, 13, 36, 32, 30, 40, 38, 37, 28, 31, 29, 23, 38, 19, 21], [16, 21, 30, 17, 13, 21, 20, 15, 34, 27, 28, 15, 24, 11, 13, 29], [18, 38, 22, 13, 33, 25, 31, 10, 30, 29, 17, 33, 36, 30, 40, 28], [23, 16, 31, 15, 39, 21, 10, 31, 22, 14, 39, 24, 23, 12, 35, 40], [30, 13, 21, 13, 27, 26, 39, 12, 28, 15, 24, 20, 14, 40, 39, 29], [25, 34, 31, 15, 30, 20, 33, 22, 10, 19, 32, 21, 40, 20, 15, 30], [13, 31, 19, 30, 18, 33, 21, 19, 13, 24, 33, 13, 18, 12, 24, 37], [10, 10, 20, 37, 33, 13, 23, 15, 24, 36, 13, 17, 14, 12, 15, 18], [18, 21, 15, 26, 20, 26, 35, 38, 29, 10, 37, 25, 26, 10, 11, 17], [28, 21, 40, 23, 20, 10, 12, 28, 35, 39, 30, 37, 16, 29, 11, 37], [38, 38, 35, 27, 15, 21, 17, 12, 21, 13, 28, 35, 12, 27, 32, 28], [24, 27, 32, 33, 22, 15, 34, 31, 24, 14, 17, 29, 40, 36, 33, 24], [14, 36, 28, 27, 39, 11, 11, 15, 37, 17, 17, 15, 21, 25, 31, 19], [38, 28, 28, 19, 40, 34, 13, 40, 16, 26, 19, 30, 40, 13, 13, 17], [26, 12, 34, 39, 37, 10, 19, 18, 24, 28, 27, 13, 29, 32, 34, 37], [16, 18, 26, 38, 39, 17, 32, 16, 19, 34, 37, 27, 32, 14, 23, 21], [20, 33, 30, 17, 21, 16, 29, 40, 20, 11, 11, 15, 38, 35, 10, 40], [21, 29, 26, 12, 24, 12, 33, 14, 36, 19, 36, 35, 27, 33, 19, 17], [27, 12, 40, 31, 19, 30, 31, 39, 17, 14, 18, 28, 35, 29, 20, 20], [34, 18, 14, 16, 16, 21, 26, 13, 28, 12, 25, 11, 22, 37, 37, 30], [29, 14, 37, 38, 39, 17, 34, 22, 34, 15, 38, 16, 24, 10, 32, 32], [22, 37, 18, 10, 35, 36, 39, 37, 25, 13, 10, 15, 33, 23, 11, 23], [40, 22, 13, 39, 14, 15, 18, 28, 11, 40, 32, 39, 31, 15, 35, 38], [35, 30, 33, 15, 38, 13, 40, 24, 31, 24, 21, 30, 38, 33, 35, 24], [32, 39, 10, 38, 25, 27, 14, 26, 11, 24, 27, 24, 26, 21, 27, 35], [21, 27, 19, 15, 31, 34, 27, 33, 20, 22, 32, 39, 40, 14, 35, 39], [23, 26, 36, 38, 18, 16, 12, 28, 19, 27, 25, 35, 32, 16, 31, 27], [38, 16, 25, 12, 27, 10, 35, 25, 25, 18, 15, 12, 18, 16, 23, 12], [35, 26, 35, 31, 28, 40, 32, 15, 37, 17, 21, 15, 36, 17, 25, 37], [15, 33, 23, 13, 13, 17, 16, 15, 40, 27, 27, 39, 14, 11, 14, 27], [19, 21, 31, 38, 29, 36, 35, 25, 38, 25, 15, 34, 16, 10, 11, 31], [12, 37, 21, 33, 12, 18, 34, 16, 39, 24, 35, 15, 22, 27, 17, 21], [32, 28, 35, 25, 24, 10, 22, 37, 36, 38, 12, 36, 40, 20, 14, 22], [22, 35, 26, 15, 13, 11, 23, 17, 17, 11, 16, 14, 27, 35, 39, 11], [13, 36, 13, 11, 25, 35, 20, 15, 24, 35, 21, 12, 12, 12, 13, 24], [10, 22, 15, 25, 25, 29, 30, 27, 24, 13, 26, 22, 21, 19, 26, 40], [38, 29, 25, 18, 36, 12, 31, 27, 16, 37, 14, 18, 14, 31, 32, 23], [22, 36, 15, 12, 30, 14, 28, 36, 32, 27, 25, 24, 16, 20, 21, 24], [12, 18, 39, 38, 36, 34, 35, 16, 40, 24, 20, 23, 17, 18, 13, 17], [29, 25, 19, 31, 25, 38, 21, 17, 11, 26, 14, 19, 17, 12, 33, 18], [23, 13, 29, 11, 36, 37, 38, 30, 38, 35, 28, 11, 35, 24, 38, 30], [16, 39, 40, 22, 34, 36, 23, 24, 31, 29, 30, 35, 36, 30, 38, 33], [21, 12, 15, 16, 33, 37, 11, 39, 30, 28, 39, 31, 20, 16, 24, 22], [22, 10, 21, 11, 26, 16, 24, 32, 13, 17, 12, 19, 12, 13, 25, 34], [40, 22, 15, 25, 35, 38, 10, 36, 27, 18, 35, 23, 15, 25, 34, 31], [16, 39, 38, 12, 29, 33, 33, 35, 35, 15, 12, 16, 31, 33, 13, 38], [22, 30, 20, 31, 19, 32, 20, 29, 20, 19, 40, 12, 19, 35, 36, 34], [31, 23, 24, 24, 15, 23, 31, 21, 21, 39, 11, 23, 22, 16, 16, 38], [36, 32, 16, 26, 29, 13, 34, 35, 29, 12, 16, 10, 28, 34, 27, 36], [14, 21, 12, 11, 26, 39, 19, 37, 22, 35, 23, 18, 29, 33, 22, 25], [14, 35, 37, 36, 34, 16, 15, 17, 11, 39, 33, 22, 22, 22, 17, 15], [31, 14, 37, 25, 24, 33, 18, 11, 18, 16, 16, 13, 20, 32, 29, 35], [15, 28, 24, 16, 39, 13, 31, 33, 29, 40, 34, 14, 12, 36, 23, 18], [32, 20, 34, 28, 24, 24, 34, 38, 33, 10, 12, 15, 24, 40, 22, 22], [16, 15, 33, 12, 18, 17, 13, 38, 22, 34, 16, 21, 38, 37, 29, 16], [36, 24, 27, 31, 26, 20, 29, 30, 18, 26, 30, 18, 16, 21, 14, 20], [26, 12, 33, 24, 38, 39, 18, 31, 32, 38, 12, 38, 35, 25, 29, 14], [35, 15, 10, 23, 32, 17, 13, 29, 11, 19, 10, 19, 23, 38, 24, 20], [34, 14, 21, 40, 20, 32, 12, 30, 24, 22, 36, 17, 37, 12, 35, 39], [13, 24, 22, 31, 31, 37, 30, 25, 32, 36, 15, 19, 39, 15, 32, 15], [37, 35, 11, 38, 18, 38, 33, 19, 35, 29, 34, 16, 11, 23, 13, 18], [15, 31, 15, 20, 32, 40, 14, 28, 29, 27, 31, 17, 38, 10, 27, 24], [22, 14, 26, 23, 18, 37, 26, 14, 13, 11, 31, 37, 40, 28, 24, 40], [20, 38, 24, 33, 15, 21, 38, 36, 30, 24, 39, 16, 35, 13, 29, 11], [11, 12, 15, 27, 10, 30, 15, 37, 39, 16, 38, 35, 36, 37, 25, 39], [29, 36, 17, 17, 30, 28, 30, 34, 27, 32, 31, 31, 31, 38, 15, 21], [37, 25, 26, 40, 30, 14, 33, 30, 38, 36, 40, 27, 24, 20, 35, 31], [14, 15, 21, 22, 34, 29, 11, 13, 11, 23, 16, 19, 13, 10, 21, 13], [15, 29, 34, 18, 14, 33, 34, 18, 14, 24, 24, 22, 26, 31, 28, 16], [16, 23, 23, 36, 40, 15, 17, 38, 17, 21, 18, 14, 37, 11, 26, 13], [12, 26, 24, 10, 14, 38, 28, 36, 13, 24, 32, 24, 40, 25, 28, 15], [25, 17, 36, 17, 28, 19, 11, 33, 38, 38, 32, 29, 25, 25, 35, 22], [26, 13, 18, 16, 26, 33, 29, 11, 36, 31, 14, 39, 12, 25, 29, 15], [17, 33, 25, 17, 20, 18, 27, 24, 22, 40, 34, 30, 33, 28, 12, 23], [18, 37, 14, 37, 12, 37, 13, 17, 27, 24, 14, 29, 12, 19, 28, 31], [16, 12, 27, 15, 33, 38, 27, 21, 16, 36, 35, 19, 29, 17, 40, 29]], ['architecto', 'a', 'nam', 'voluptate', 'quibusdam', 'temporibus', 'perspiciatis', 'ex', 'excepturi', 'quos', 'doloribus', 'quibusdam', 'possimus', 'velit', 'mollitia', 'distinctio', 'ratione', 'consequuntur', 'voluptates', 'eaque', 'quod', 'culpa', 'nostrum', 'fugiat', 'consectetur', 'ducimus', 'quia', 'tempora', 'fuga', 'cumque', 'quis', 'mollitia', 'laboriosam', 'officiis', 'dignissimos', 'nisi', 'soluta', 'minima', 'nisi', 'maxime', 'maiores', 'in', 'quas', 'consequatur', 'exercitationem', 'dolorem', 'minima', 'asperiores', 'at', 'voluptate', 'illo', 'explicabo', 'cumque', 'a', 'culpa', 'accusamus', 'possimus', 'dolore', 'quam', 'ea', 'nisi', 'tempore', 'beatae', 'pariatur', 'repellat', 'perspiciatis', 'blanditiis', 'sapiente', 'molestias', 'sit', 'quibusdam', 'maiores', 'possimus', 'consequuntur', 'recusandae', 'harum', 'explicabo', 'atque', 'animi', 'iste', 'necessitatibus', 'architecto', 'amet'], [[31, 39, 47, 59, 46, 11, 53, 47, 22, 35, 53, 38, 50, 58, 55, 30], [27, 43, 23, 57, 25, 14, 17, 19, 25, 22, 55, 21, 33, 9, 16, 6], [5, 47, 58, 11, 57, 44, 54, 19, 49, 17, 10, 2, 11, 49, 28, 33], [40, 10, 13, 17, 45, 45, 46, 1, 44, 34, 4, 25, 17, 30, 44, 4], [53, 21, 22, 15, 56, 27, 12, 1, 12, 6, 16, 37, 32, 27, 15, 56], [48, 47, 10, 57, 49, 27, 36, 15, 52, 42, 53, 35, 18, 46, 13, 54], [22, 14, 27, 16, 11, 45, 47, 37, 41, 15, 54, 58, 9, 4, 26, 3], [47, 12, 22, 6, 22, 8, 33, 13, 38, 10, 37, 26, 2, 34, 27, 44], [6, 58, 58, 43, 1, 18, 34, 11, 39, 55, 45, 47, 51, 13, 31, 20], [2, 51, 56, 51, 21, 55, 6, 54, 40, 42, 31, 55, 14, 33, 60, 11], [31, 23, 58, 28, 34, 53, 41, 24, 11, 33, 10, 21, 11, 5, 36, 49], [14, 23, 37, 11, 2, 28, 41, 9, 4, 40, 19, 35, 12, 14, 39, 39], [24, 17, 33, 56, 11, 50, 20, 9, 50, 20, 36, 7, 8, 42, 30, 6], [49, 25, 30, 49, 6, 4, 24, 42, 20, 51, 49, 7, 58, 27, 33, 36], [57, 42, 10, 22, 23, 13, 19, 26, 9, 18, 49, 5, 18, 54, 53, 2], [9, 6, 55, 47, 12, 22, 31, 60, 25, 34, 22, 29, 32, 1, 27, 32], [13, 6, 2, 14, 41, 3, 24, 8, 19, 30, 9, 29, 29, 53, 31, 15], [18, 48, 15, 27, 51, 41, 29, 35, 12, 32, 37, 36, 18, 22, 21, 56], [21, 33, 50, 14, 41, 56, 19, 40, 20, 49, 20, 34, 9, 59, 53, 25], [47, 46, 34, 15, 44, 18, 13, 39, 4, 25, 41, 10, 7, 7, 60, 47], [37, 40, 20, 4, 19, 38, 50, 56, 26, 17, 48, 52, 58, 19, 59, 59], [37, 8, 17, 38, 30, 6, 42, 28, 15, 40, 11, 11, 17, 59, 34, 38], [16, 14, 39, 35, 21, 10, 36, 29, 51, 56, 46, 50, 38, 58, 44, 23], [9, 51, 45, 38, 43, 3, 29, 16, 29, 60, 55, 47, 6, 57, 51, 34], [11, 29, 6, 11, 22, 10, 30, 9, 48, 6, 42, 17, 19, 9, 13, 14], [57, 40, 54, 23, 40, 52, 34, 24, 58, 36, 58, 46, 48, 16, 16, 22], [17, 27, 19, 56, 49, 6, 45, 19, 46, 53, 17, 5, 31, 8, 57, 21], [2, 4, 13, 16, 30, 59, 29, 12, 25, 53, 51, 35, 31, 56, 21, 50], [8, 38, 51, 3, 23, 58, 17, 21, 24, 56, 28, 6, 19, 56, 31, 31], [21, 17, 7, 57, 55, 1, 53, 55, 36, 41, 25, 48, 36, 60, 13, 26], [41, 4, 1, 57, 24, 30, 15, 13, 35, 35, 13, 41, 29, 42, 46, 11], [21, 31, 9, 56, 57, 27, 3, 19, 60, 19, 3, 59, 45, 30, 20, 23], [55, 39, 41, 15, 23, 48, 42, 45, 1, 5, 57, 34, 41, 2, 54, 16], [3, 50, 42, 3, 43, 27, 2, 26, 7, 29, 18, 21, 42, 32, 9, 31], [21, 52, 43, 47, 50, 12, 41, 13, 14, 21, 26, 2, 43, 42, 15, 43], [23, 26, 8, 32, 39, 25, 40, 50, 16, 25, 59, 17, 36, 30, 19, 46], [60, 48, 4, 48, 40, 16, 10, 9, 28, 48, 18, 57, 9, 57, 26, 14], [33, 29, 1, 50, 17, 25, 10, 26, 47, 3, 20, 19, 14, 4, 21, 37], [20, 40, 52, 8, 20, 16, 51, 46, 48, 60, 6, 21, 18, 54, 9, 27], [36, 23, 33, 6, 54, 25, 53, 56, 16, 12, 59, 55, 48, 54, 56, 53], [9, 54, 12, 21, 32, 51, 7, 56, 19, 56, 4, 9, 19, 29, 23, 55], [24, 52, 23, 23, 30, 60, 37, 17, 59, 39, 44, 26, 42, 55, 41, 15], [30, 3, 34, 29, 50, 10, 38, 3, 8, 47, 41, 39, 34, 41, 44, 23], [8, 29, 12, 21, 5, 34, 60, 45, 24, 10, 56, 33, 44, 19, 29, 24], [41, 28, 54, 39, 50, 19, 45, 21, 43, 56, 53, 40, 55, 35, 48, 13], [24, 59, 6, 29, 60, 38, 8, 12, 54, 25, 25, 12, 25, 59, 3, 36], [34, 28, 40, 32, 12, 24, 54, 21, 50, 28, 1, 9, 13, 58, 56, 1], [32, 40, 48, 57, 22, 60, 1, 32, 12, 51, 38, 12, 36, 34, 23, 58], [24, 23, 46, 32, 52, 7, 46, 31, 47, 14, 22, 43, 36, 8, 48, 27], [1, 19, 13, 35, 5, 31, 58, 20, 45, 60, 50, 53, 48, 25, 13, 51], [43, 35, 11, 22, 46, 40, 28, 44, 37, 18, 22, 7, 15, 46, 46, 42], [48, 45, 31, 12, 4, 33, 52, 33, 54, 56, 51, 1, 22, 15, 20, 18], [27, 13, 41, 25, 17, 42, 34, 14, 58, 15, 49, 21, 60, 49, 17, 28], [9, 59, 34, 6, 28, 9, 19, 6, 18, 56, 41, 28, 52, 28, 7, 15], [52, 58, 17, 34, 21, 27, 34, 11, 50, 58, 16, 33, 31, 31, 5, 24], [36, 44, 51, 55, 30, 40, 52, 31, 38, 47, 1, 50, 31, 45, 19, 32], [52, 24, 6, 2, 50, 34, 56, 29, 49, 59, 48, 48, 2, 3, 40, 38], [12, 19, 59, 7, 18, 33, 22, 56, 59, 10, 20, 46, 49, 60, 29, 57], [10, 48, 1, 46, 53, 8, 29, 18, 51, 9, 5, 50, 40, 27, 19, 60], [3, 8, 41, 47, 13, 11, 11, 10, 44, 25, 59, 44, 30, 20, 11, 9], [22, 46, 8, 7, 56, 13, 7, 19, 60, 8, 56, 14, 12, 58, 3, 4], [11, 15, 34, 4, 5, 47, 53, 40, 17, 57, 5, 26, 37, 18, 52, 54], [37, 51, 42, 20, 52, 49, 4, 9, 58, 52, 39, 5, 43, 40, 50, 48], [12, 48, 37, 7, 17, 42, 52, 27, 22, 18, 17, 43, 30, 37, 19, 24], [26, 6, 36, 7, 32, 35, 8, 35, 58, 13, 43, 20, 21, 6, 58, 28], [39, 3, 26, 52, 25, 7, 48, 8, 39, 29, 35, 14, 28, 8, 36, 33], [58, 33, 57, 43, 37, 35, 22, 21, 40, 29, 40, 31, 38, 53, 49, 36], [2, 50, 11, 24, 14, 9, 9, 11, 57, 7, 48, 12, 32, 22, 7, 4], [1, 10, 37, 9, 30, 45, 44, 26, 8, 42, 56, 37, 22, 31, 6, 13], [49, 22, 2, 55, 11, 59, 18, 38, 52, 50, 12, 1, 2, 10, 5, 59], [3, 48, 10, 53, 22, 7, 58, 59, 27, 55, 26, 55, 55, 21, 56, 58], [46, 6, 52, 39, 51, 28, 38, 14, 32, 21, 7, 8, 47, 50, 58, 16], [17, 2, 28, 42, 55, 37, 46, 32, 36, 21, 24, 48, 25, 17, 8, 33], [60, 38, 57, 47, 43, 21, 40, 56, 28, 37, 13, 42, 16, 47, 51, 34], [7, 11, 7, 58, 49, 34, 25, 55, 35, 59, 15, 42, 21, 17, 36, 40], [36, 59, 7, 45, 27, 54, 56, 31, 37, 11, 43, 57, 4, 38, 50, 16], [26, 6, 60, 31, 47, 55, 20, 27, 37, 20, 12, 24, 24, 34, 16, 43], [9, 2, 19, 1, 47, 53, 17, 42, 5, 19, 56, 44, 58, 43, 38, 4], [8, 16, 4, 30, 51, 50, 15, 56, 39, 58, 17, 32, 48, 36, 1, 24], [31, 34, 4, 9, 60, 2, 50, 16, 29, 10, 59, 10, 44, 3, 30, 24], [55, 35, 13, 48, 36, 24, 6, 54, 9, 8, 9, 16, 35, 54, 53, 2], [36, 53, 37, 41, 23, 43, 51, 21, 16, 53, 9, 49, 40, 5, 42, 24], [8, 17, 8, 15, 32, 25, 15, 11, 24, 42, 48, 18, 4, 58, 35, 6]])
deveria ser
['quibusdam', 'quibusdam', 'fuga', 'ex', 'sit', 'sapiente', 'quibusdam', 'consectetur', 'consequuntur', 'soluta', 'minima', 'quibusdam', 'nisi', 'culpa', 'dignissimos', 'perspiciatis', 'repellat', 'voluptate', 'ea', 'doloribus', 'quibusdam', 'culpa', 'soluta', 'architecto', 'in', 'cumque', 'culpa', 'possimus', 'ea', 'ex', 'cumque', 'soluta', 'quibusdam', 'possimus', 'quis', 'ex', 'architecto', 'perspiciatis', 'fuga', 'quis', 'explicabo', 'quibusdam', 'quibusdam', 'quibusdam', 'quis', 'architecto', 'nisi', 'cumque', 'quis', 'maiores', 'accusamus', 'nisi', 'nisi', 'necessitatibus', 'cumque', 'nisi', 'ex', 'laboriosam', 'voluptate', 'mollitia', 'nisi', 'quibusdam', 'nisi', 'quibusdam', 'tempora', 'quibusdam', 'consequuntur', 'nisi', 'quibusdam', 'accusamus', 'quibusdam', 'fuga', 'quis', 'quibusdam', 'mollitia', 'quibusdam', 'cumque', 'quod', 'possimus', 'fuga', 'explicabo', 'quis', 'quibusdam']
mas deu
['quibusdam' 'quibusdam' 'fuga' 'ex' 'sit' 'sapiente' 'quibusdam'
 'consectetur' 'consequuntur' 'soluta' 'minima' 'quibusdam' 'nisi' 'culpa'
 'dignissimos' 'perspiciatis' 'repellat' 'voluptate' 'ea' 'doloribus'
 'quibusdam' 'culpa' 'soluta' 'architecto' 'in' 'cumque' 'culpa'
 'possimus' 'ea' 'ex' 'cumque' 'soluta' 'quibusdam' 'possimus' 'quis' 'ex'
 'architecto' 'perspiciatis' 'fuga' 'quis' 'explicabo' 'quibusdam'
 'quibusdam' 'quibusdam' 'quis' 'architecto' 'nisi' 'cumque' 'quis'
 'maiores' 'accusamus' 'nisi' 'nisi' 'necessitatibus' 'cumque' 'nisi' 'ex'
 'laboriosam' 'voluptate' 'mollitia' 'nisi' 'quibusdam' 'nisi' 'quibusdam'
 'tempora' 'quibusdam' 'consequuntur' 'nisi' 'quibusdam' 'accusamus'
 'quibusdam' 'fuga' 'quis' 'quibusdam' 'mollitia' 'quibusdam' 'cumque'
 'quod' 'possimus' 'fuga' 'explicabo' 'quis' 'quibusdam']
Se nao entender esse erro, peça ajuda ao professor:
tester.py, 172: TypeError - only size-1 arrays can be converted to Python scalars
Teste 3 deu errado!
O resultado para
([[23, 23, 40, 37, 18, 29, 19], [34, 22, 39, 37, 34, 32, 39], [14, 17, 30, 12, 29, 22, 20], [15, 27, 17, 19, 11, 33, 18], [32, 13, 20, 29, 27, 40, 12], [36, 15, 20, 30, 29, 27, 37], [33, 34, 22, 22, 40, 11, 39], [29, 28, 18, 32, 31, 14, 33], [15, 33, 28, 25, 24, 19, 39], [11, 36, 13, 35, 33, 22, 10], [40, 24, 26, 21, 35, 22, 11], [40, 30, 38, 10, 12, 24, 22], [23, 23, 17, 15, 17, 27, 14], [37, 29, 32, 40, 18, 19, 40], [21, 26, 30, 25, 18, 13, 37], [25, 16, 15, 20, 19, 35, 40], [20, 17, 23, 38, 28, 25, 26], [11, 15, 33, 32, 14, 36, 22], [11, 21, 11, 39, 13, 12, 28], [19, 19, 19, 19, 29, 40, 28], [37, 22, 14, 10, 22, 38, 32], [31, 34, 39, 38, 19, 38, 20], [22, 24, 25, 39, 34, 14, 37], [26, 40, 23, 15, 36, 20, 14], [33, 37, 40, 15, 17, 15, 33], [18, 11, 32, 11, 12, 34, 11], [21, 30, 28, 28, 22, 19, 11], [33, 38, 34, 36, 10, 38, 12], [12, 14, 32, 29, 10, 39, 30], [19, 12, 27, 20, 32, 11, 28], [31, 37, 16, 37, 12, 32, 40], [10, 36, 39, 40, 18, 15, 15], [16, 30, 23, 38, 22, 20, 34], [36, 23, 19, 31, 29, 15, 17], [23, 33, 26, 19, 38, 16, 38], [13, 16, 37, 30, 25, 16, 34], [35, 20, 19, 12, 18, 33, 21], [35, 15, 15, 30, 21, 17, 39], [38, 34, 27, 40, 36, 13, 40], [40, 38, 27, 14, 25, 11, 30], [32, 40, 35, 14, 16, 16, 38], [15, 27, 11, 21, 10, 17, 21], [18, 17, 37, 17, 24, 23, 15], [28, 16, 15, 38, 23, 11, 35], [22, 39, 16, 16, 31, 20, 23], [22, 17, 23, 24, 23, 20, 27], [34, 35, 11, 25, 19, 15, 14], [18, 13, 33, 17, 34, 33, 15], [24, 24, 37, 36, 35, 38, 11], [20, 29, 34, 25, 16, 38, 16], [20, 19, 24, 16, 37, 40, 17], [34, 17, 27, 26, 14, 38, 37], [10, 37, 33, 28, 33, 28, 35], [22, 37, 19, 18, 23, 29, 20], [15, 26, 19, 26, 36, 36, 20], [10, 23, 11, 39, 34, 16, 21], [21, 12, 33, 39, 18, 23, 21], [14, 30, 17, 32, 35, 36, 34], [35, 21, 25, 31, 19, 32, 40], [39, 11, 15, 23, 29, 32, 14], [34, 38, 36, 25, 36, 39, 32], [30, 33, 20, 22, 18, 39, 12], [18, 33, 16, 13, 22, 39, 12], [23, 16, 23, 36, 39, 16, 33], [27, 38, 36, 35, 18, 40, 27], [38, 20, 30, 26, 14, 40, 28], [31, 38, 14, 14, 25, 22, 11], [25, 34, 10, 27, 31, 21, 28], [16, 23, 15, 37, 17, 11, 15], [30, 10, 35, 36, 38, 39, 40], [39, 37, 38, 28, 18, 24, 17], [22, 26, 35, 25, 34, 32, 34], [39, 16, 28, 28, 39, 39, 34], [38, 40, 39, 16, 29, 20, 10], [40, 15, 24, 37, 17, 25, 24], [17, 34, 22, 25, 31, 32, 24], [31, 30, 24, 14, 23, 36, 35], [19, 36, 19, 18, 14, 20, 22], [31, 31, 39, 36, 13, 29, 20], [14, 31, 30, 29, 21, 36, 16], [25, 26, 39, 26, 31, 40, 22], [17, 40, 36, 37, 39, 28, 34], [39, 40, 12, 26, 26, 40, 15], [32, 25, 21, 39, 22, 21, 36], [33, 37, 35, 18, 14, 12, 38], [23, 40, 11, 39, 28, 17, 36], [22, 23, 13, 36, 38, 27, 39], [35, 39, 23, 26, 33, 13, 26], [29, 27, 33, 39, 34, 25, 25], [39, 32, 34, 26, 17, 20, 19], [16, 32, 37, 37, 11, 29, 15], [13, 14, 15, 37, 30, 27, 31], [16, 15, 23, 33, 16, 39, 14], [29, 21, 23, 28, 20, 23, 31], [16, 15, 25, 19, 18, 11, 24], [18, 14, 11, 20, 29, 32, 12], [20, 40, 27, 17, 38, 24, 30], [22, 18, 24, 27, 39, 12, 10], [39, 33, 12, 24, 19, 28, 39]], ['animi', 'ut', 'reiciendis', 'impedit', 'veniam', 'culpa', 'dolores', 'reprehenderit', 'voluptates', 'tempore', 'nemo', 'suscipit', 'corporis', 'magnam', 'esse', 'blanditiis', 'voluptatum', 'cumque', 'omnis', 'laborum', 'amet', 'perferendis', 'totam', 'quod', 'officiis', 'laborum', 'asperiores', 'voluptatum', 'minus', 'ad', 'aut', 'id', 'earum', 'iusto', 'praesentium', 'blanditiis', 'vero', 'natus', 'harum', 'esse', 'delectus', 'voluptates', 'magnam', 'doloribus', 'quis', 'distinctio', 'doloribus', 'eveniet', 'necessitatibus', 'impedit', 'quaerat', 'saepe', 'quaerat', 'reiciendis', 'inventore', 'nostrum', 'eligendi', 'voluptatibus', 'harum', 'ducimus', 'non', 'omnis', 'asperiores', 'illum', 'commodi', 'eum', 'sed', 'dolorem', 'laudantium', 'delectus', 'officiis', 'iste', 'sequi', 'placeat', 'earum', 'mollitia', 'fugit', 'eveniet', 'minima', 'aut', 'blanditiis', 'magni', 'repudiandae', 'neque', 'quisquam', 'repudiandae', 'consequatur', 'ullam', 'maiores', 'assumenda', 'distinctio', 'odit', 'quos', 'aspernatur', 'eius', 'qui', 'velit', 'non', 'laudantium'], [[54, 40, 31, 51, 43, 16, 14], [26, 57, 15, 43, 43, 14, 3], [48, 3, 36, 13, 56, 17, 25], [57, 2, 36, 21, 58, 20, 9], [49, 17, 37, 19, 21, 23, 10], [37, 52, 47, 27, 18, 41, 41], [12, 43, 35, 8, 58, 45, 43], [22, 19, 22, 37, 30, 41, 54], [45, 53, 15, 58, 8, 17, 26], [5, 6, 8, 26, 44, 15, 2], [17, 11, 11, 60, 46, 21, 55], [6, 11, 7, 15, 5, 41, 10], [60, 28, 12, 17, 31, 44, 27], [33, 51, 31, 47, 31, 11, 1], [56, 34, 52, 2, 16, 39, 20], [53, 42, 34, 46, 37, 17, 38], [50, 2, 25, 2, 8, 16, 29], [24, 49, 13, 13, 46, 34, 1], [18, 8, 27, 60, 38, 27, 40], [56, 41, 16, 37, 46, 45, 15], [23, 41, 55, 49, 21, 18, 46], [7, 53, 14, 56, 40, 39, 35], [52, 35, 42, 29, 9, 19, 46], [32, 1, 35, 40, 51, 46, 28], [27, 56, 11, 30, 14, 40, 50], [5, 29, 17, 20, 31, 3, 41], [37, 21, 9, 18, 16, 42, 55], [8, 15, 18, 1, 42, 41, 16], [19, 44, 27, 3, 38, 13, 50], [8, 7, 5, 33, 15, 54, 52], [3, 56, 40, 44, 29, 36, 19], [22, 22, 25, 23, 34, 39, 35], [3, 20, 56, 3, 36, 31, 53], [25, 8, 3, 36, 56, 18, 29], [27, 1, 26, 41, 35, 35, 40], [40, 41, 44, 56, 1, 58, 54], [58, 51, 45, 50, 60, 15, 7], [14, 37, 50, 21, 41, 44, 54], [6, 48, 33, 58, 60, 48, 30], [11, 42, 6, 30, 46, 8, 23], [29, 23, 18, 44, 45, 29, 39], [60, 28, 18, 14, 4, 35, 13], [15, 18, 15, 1, 26, 41, 49], [16, 37, 7, 18, 41, 47, 45], [42, 24, 43, 15, 28, 43, 9], [27, 52, 1, 47, 9, 27, 58], [39, 27, 1, 26, 23, 16, 31], [46, 49, 47, 20, 14, 21, 8], [18, 51, 3, 37, 21, 44, 25], [53, 56, 51, 10, 51, 18, 6], [57, 42, 14, 5, 56, 56, 42], [10, 30, 42, 40, 52, 24, 39], [3, 41, 30, 22, 50, 36, 28], [33, 56, 51, 24, 31, 37, 46], [33, 56, 5, 2, 30, 46, 24], [2, 59, 51, 11, 50, 35, 16], [16, 48, 1, 2, 42, 58, 44], [11, 4, 52, 59, 7, 36, 2], [52, 6, 48, 35, 46, 55, 30], [39, 37, 59, 27, 39, 44, 19], [25, 5, 13, 12, 21, 57, 32], [36, 48, 32, 40, 28, 11, 29], [57, 55, 34, 48, 2, 6, 44], [60, 17, 32, 5, 25, 29, 17], [36, 24, 5, 36, 48, 37, 60], [43, 47, 51, 47, 51, 4, 34], [1, 50, 5, 38, 29, 30, 14], [48, 4, 41, 33, 59, 40, 33], [30, 31, 27, 4, 3, 20, 15], [29, 3, 40, 28, 23, 23, 29], [36, 25, 12, 20, 51, 20, 45], [51, 37, 49, 7, 52, 60, 51], [2, 42, 28, 28, 39, 44, 9], [32, 57, 3, 45, 28, 17, 56], [43, 54, 24, 36, 19, 60, 19], [41, 24, 34, 9, 32, 14, 16], [22, 5, 59, 42, 26, 11, 39], [14, 26, 18, 20, 5, 21, 41], [58, 50, 5, 29, 56, 35, 32], [31, 58, 1, 40, 47, 36, 53], [37, 12, 55, 19, 59, 25, 3], [42, 54, 5, 31, 32, 41, 27], [22, 40, 54, 32, 40, 31, 30], [10, 43, 32, 28, 21, 10, 1], [9, 56, 3, 34, 41, 29, 22], [36, 29, 51, 16, 32, 29, 32], [27, 30, 55, 57, 54, 55, 1], [40, 28, 55, 38, 23, 42, 18], [60, 33, 33, 39, 3, 48, 33], [41, 7, 28, 28, 1, 26, 11], [36, 10, 4, 51, 37, 4, 25], [49, 49, 18, 2, 46, 21, 55], [54, 5, 57, 52, 45, 20, 50], [45, 55, 31, 30, 41, 2, 47], [4, 12, 12, 56, 35, 42, 53], [30, 24, 18, 19, 60, 21, 38], [45, 26, 27, 20, 60, 55, 54], [48, 10, 26, 1, 24, 8, 11], [57, 59, 34, 37, 48, 12, 30]])
deveria ser
['magni', 'non', 'delectus', 'nemo', 'placeat', 'animi', 'delectus', 'harum', 'repudiandae', 'nostrum', 'delectus', 'laborum', 'repudiandae', 'placeat', 'suscipit', 'delectus', 'suscipit', 'quod', 'delectus', 'repudiandae', 'animi', 'repudiandae', 'officiis', 'delectus', 'repudiandae', 'harum', 'laudantium', 'quaerat', 'velit', 'delectus', 'id', 'iste', 'animi', 'dolorem', 'delectus', 'magnam', 'placeat', 'animi', 'magni', 'omnis', 'consequatur', 'corporis', 'amet', 'dolorem', 'placeat', 'repudiandae', 'dolorem', 'placeat', 'repudiandae', 'placeat', 'repudiandae', 'animi', 'quaerat', 'officiis', 'repudiandae', 'animi', 'velit', 'animi', 'delectus', 'officiis', 'laborum', 'esse', 'magnam', 'suscipit', 'consequatur', 'magni', 'repudiandae', 'delectus', 'suscipit', 'animi', 'harum', 'animi', 'quaerat', 'repudiandae', 'repudiandae', 'suscipit', 'animi', 'voluptates', 'repudiandae', 'repudiandae', 'placeat', 'repudiandae', 'magni', 'id', 'nostrum', 'animi', 'animi', 'animi', 'commodi', 'earum', 'doloribus', 'harum', 'delectus', 'harum', 'nostrum', 'praesentium', 'harum', 'esse', 'magni']
mas deu
['magni' 'non' 'delectus' 'nemo' 'placeat' 'animi' 'delectus' 'harum'
 'repudiandae' 'nostrum' 'delectus' 'laborum' 'repudiandae' 'placeat'
 'suscipit' 'delectus' 'suscipit' 'quod' 'delectus' 'repudiandae' 'animi'
 'repudiandae' 'officiis' 'delectus' 'repudiandae' 'harum' 'laudantium'
 'quaerat' 'velit' 'delectus' 'id' 'iste' 'animi' 'dolorem' 'delectus'
 'magnam' 'placeat' 'animi' 'magni' 'omnis' 'consequatur' 'corporis'
 'amet' 'dolorem' 'placeat' 'repudiandae' 'dolorem' 'placeat'
 'repudiandae' 'placeat' 'repudiandae' 'animi' 'quaerat' 'officiis'
 'repudiandae' 'animi' 'velit' 'animi' 'delectus' 'officiis' 'laborum'
 'esse' 'magnam' 'suscipit' 'consequatur' 'magni' 'repudiandae' 'delectus'
 'suscipit' 'animi' 'harum' 'animi' 'quaerat' 'repudiandae' 'repudiandae'
 'suscipit' 'animi' 'voluptates' 'repudiandae' 'repudiandae' 'placeat'
 'repudiandae' 'magni' 'id' 'nostrum' 'animi' 'animi' 'animi' 'commodi'
 'earum' 'doloribus' 'harum' 'delectus' 'harum' 'nostrum' 'praesentium'
 'harum' 'esse' 'magni']
Se nao entender esse erro, peça ajuda ao professor:
tester.py, 172: TypeError - only size-1 arrays can be converted to Python scalars
Teste 4 deu errado!
O resultado para
([[30, 14, 16, 35, 10, 30, 21, 40, 30, 11, 14, 22, 33, 34, 14, 23, 23, 31, 35], [38, 16, 37, 34, 40, 30, 26, 23, 10, 30, 22, 17, 36, 21, 37, 34, 27, 11, 28], [38, 11, 28, 18, 11, 17, 34, 37, 35, 23, 24, 17, 17, 32, 15, 23, 31, 36, 15], [38, 28, 14, 32, 27, 39, 17, 16, 40, 15, 35, 36, 14, 35, 30, 37, 19, 16, 21], [15, 19, 39, 18, 15, 39, 29, 36, 14, 33, 12, 40, 11, 13, 35, 15, 18, 19, 26], [33, 36, 30, 22, 32, 36, 18, 19, 11, 39, 35, 34, 25, 38, 11, 34, 25, 33, 23], [32, 31, 10, 14, 15, 16, 36, 21, 31, 13, 32, 15, 20, 34, 34, 20, 16, 20, 17], [24, 24, 15, 22, 18, 24, 38, 38, 24, 11, 37, 16, 35, 18, 19, 14, 27, 16, 16], [24, 25, 27, 36, 37, 24, 12, 26, 22, 35, 30, 28, 26, 22, 39, 30, 27, 28, 13], [17, 23, 37, 39, 32, 30, 37, 30, 35, 19, 24, 15, 24, 25, 20, 21, 16, 17, 29], [17, 27, 21, 39, 29, 32, 31, 10, 19, 40, 29, 15, 17, 34, 15, 36, 24, 13, 11], [35, 21, 31, 19, 20, 10, 12, 27, 40, 28, 22, 24, 24, 33, 21, 25, 18, 14, 18], [31, 15, 28, 26, 39, 12, 16, 12, 20, 24, 13, 10, 26, 32, 36, 25, 36, 37, 39], [33, 37, 40, 32, 16, 28, 35, 15, 15, 14, 33, 11, 30, 29, 21, 33, 22, 12, 35], [33, 28, 25, 38, 38, 29, 17, 16, 22, 14, 17, 13, 13, 14, 10, 24, 26, 15, 34], [26, 38, 14, 36, 36, 11, 40, 36, 12, 29, 20, 29, 37, 12, 39, 21, 16, 30, 17], [20, 14, 30, 26, 14, 24, 24, 35, 37, 17, 22, 27, 30, 39, 30, 26, 32, 23, 21], [15, 23, 22, 18, 27, 32, 18, 21, 40, 11, 10, 37, 24, 11, 27, 14, 30, 16, 37], [35, 34, 33, 13, 15, 36, 16, 34, 24, 24, 14, 38, 14, 24, 37, 29, 23, 15, 35], [27, 29, 29, 11, 30, 36, 37, 35, 28, 40, 29, 16, 22, 22, 40, 26, 30, 16, 21], [19, 34, 36, 11, 34, 26, 10, 10, 39, 11, 40, 15, 37, 18, 27, 17, 18, 16, 19], [19, 36, 10, 17, 24, 16, 35, 26, 30, 19, 26, 26, 19, 15, 12, 27, 32, 24, 15], [36, 18, 39, 28, 32, 23, 15, 37, 19, 15, 27, 11, 20, 37, 39, 18, 28, 27, 33], [31, 35, 14, 21, 16, 22, 33, 11, 29, 24, 35, 22, 38, 21, 25, 39, 15, 10, 24], [26, 16, 30, 25, 33, 37, 38, 21, 25, 21, 25, 28, 16, 30, 30, 28, 15, 24, 16], [26, 28, 18, 25, 34, 37, 14, 37, 36, 33, 21, 12, 24, 35, 28, 38, 37, 30, 12], [31, 29, 16, 26, 35, 32, 11, 14, 10, 30, 31, 15, 19, 40, 31, 34, 23, 20, 39], [31, 32, 35, 18, 27, 27, 28, 27, 36, 10, 29, 22, 34, 10, 25, 12, 31, 27, 26], [30, 10, 12, 32, 14, 19, 23, 36, 39, 18, 12, 12, 40, 24, 22, 30, 26, 23, 11], [18, 34, 27, 31, 32, 19, 39, 20, 34, 36, 20, 38, 29, 27, 22, 27, 20, 32, 32], [11, 13, 34, 33, 14, 22, 24, 25, 31, 36, 39, 21, 35, 31, 31, 25, 23, 37, 20], [31, 20, 19, 16, 11, 28, 31, 23, 37, 11, 39, 24, 28, 25, 28, 25, 32, 11, 12], [18, 21, 27, 13, 27, 16, 12, 14, 35, 37, 14, 37, 23, 10, 25, 10, 22, 17, 17], [26, 30, 14, 28, 19, 14, 33, 36, 34, 13, 35, 19, 21, 33, 35, 36, 33, 34, 11], [26, 26, 19, 13, 20, 31, 32, 28, 33, 35, 36, 21, 13, 10, 37, 25, 15, 14, 36], [23, 28, 13, 18, 17, 34, 31, 13, 31, 11, 24, 33, 31, 17, 11, 39, 20, 27, 26], [40, 28, 17, 15, 21, 38, 14, 20, 17, 30, 37, 31, 22, 12, 34, 30, 16, 35, 20], [10, 39, 11, 21, 17, 22, 25, 23, 27, 16, 16, 31, 26, 34, 13, 12, 23, 25, 11], [20, 35, 38, 35, 11, 13, 22, 29, 30, 12, 22, 12, 28, 26, 10, 12, 28, 11, 38], [27, 25, 20, 21, 40, 16, 19, 26, 20, 25, 38, 11, 16, 38, 18, 23, 27, 28, 16], [20, 31, 34, 30, 14, 39, 30, 30, 35, 15, 23, 18, 33, 24, 29, 24, 24, 17, 38], [13, 40, 10, 37, 28, 23, 17, 12, 26, 39, 27, 33, 35, 18, 12, 19, 11, 11, 19], [22, 27, 26, 11, 32, 40, 29, 29, 15, 25, 33, 25, 24, 40, 40, 31, 29, 30, 31], [39, 11, 16, 38, 12, 10, 29, 37, 30, 32, 25, 38, 24, 27, 10, 13, 10, 28, 24], [36, 18, 22, 30, 32, 39, 36, 12, 21, 36, 16, 37, 20, 16, 15, 11, 17, 28, 33], [35, 34, 31, 39, 31, 35, 16, 29, 21, 21, 19, 17, 10, 22, 36, 30, 19, 40, 35], [23, 36, 10, 16, 19, 21, 12, 38, 38, 19, 16, 36, 30, 28, 19, 16, 12, 40, 29], [16, 24, 28, 40, 20, 28, 23, 37, 23, 19, 24, 36, 25, 22, 13, 30, 25, 18, 15], [33, 34, 12, 39, 29, 40, 28, 30, 30, 10, 11, 11, 10, 18, 32, 14, 19, 35, 12], [22, 31, 28, 17, 25, 14, 36, 23, 23, 22, 28, 24, 12, 31, 31, 13, 15, 15, 24], [35, 20, 32, 11, 33, 16, 16, 37, 19, 35, 11, 20, 28, 34, 23, 21, 32, 26, 32], [26, 19, 23, 22, 19, 30, 25, 19, 24, 20, 11, 19, 20, 17, 27, 30, 22, 22, 28], [36, 37, 25, 19, 26, 31, 11, 17, 22, 23, 25, 25, 34, 14, 17, 38, 20, 24, 31], [15, 15, 31, 17, 23, 14, 29, 15, 14, 39, 15, 14, 18, 39, 16, 17, 40, 18, 12], [22, 11, 16, 37, 29, 35, 15, 31, 12, 20, 31, 19, 39, 38, 39, 10, 23, 29, 17], [36, 24, 14, 25, 25, 38, 14, 14, 26, 25, 12, 20, 40, 23, 20, 26, 13, 32, 24]], ['autem', 'occaecati', 'consequuntur', 'eveniet', 'vero', 'quaerat', 'eos', 'ad', 'debitis', 'nemo', 'cum', 'nostrum', 'ullam', 'nesciunt', 'dolores', 'quis', 'dolore', 'nemo', 'quam', 'eum', 'incidunt', 'occaecati', 'necessitatibus', 'quasi', 'provident', 'perferendis', 'sint', 'fuga', 'doloremque', 'unde', 'tempora', 'reprehenderit', 'iusto', 'delectus', 'voluptatem', 'ratione', 'nihil', 'recusandae', 'sequi', 'magnam', 'facilis', 'quisquam', 'nam', 'sed', 'odio', 'voluptatibus', 'autem', 'ratione', 'voluptatem', 'impedit', 'cumque', 'inventore', 'tempore', 'quos', 'praesentium', 'repellendus'], [[12, 42, 27, 4, 24, 14, 22, 52, 24, 43, 53, 55, 37, 33, 32, 52, 59, 28, 17], [39, 23, 7, 47, 55, 9, 12, 37, 32, 59, 43, 54, 6, 26, 48, 26, 46, 2, 17], [23, 4, 45, 48, 39, 55, 28, 13, 1, 26, 7, 45, 25, 37, 2, 15, 60, 42, 2], [52, 16, 8, 29, 17, 47, 29, 33, 21, 41, 19, 11, 30, 3, 9, 59, 26, 8, 11], [22, 43, 45, 36, 4, 23, 44, 56, 59, 38, 38, 21, 5, 37, 41, 1, 51, 16, 16], [28, 25, 47, 57, 20, 56, 14, 18, 45, 24, 48, 54, 6, 32, 30, 36, 37, 22, 51], [31, 60, 42, 36, 5, 12, 40, 52, 49, 18, 6, 47, 48, 15, 51, 33, 12, 4, 10], [41, 17, 5, 55, 13, 49, 9, 48, 14, 60, 21, 42, 7, 26, 49, 36, 6, 51, 8], [8, 31, 58, 24, 51, 3, 15, 13, 54, 25, 46, 29, 36, 1, 24, 56, 57, 5, 22], [52, 5, 22, 55, 2, 19, 25, 37, 26, 2, 13, 56, 57, 25, 35, 18, 35, 44, 1], [32, 40, 39, 40, 53, 7, 48, 37, 47, 37, 26, 55, 24, 48, 58, 54, 39, 46, 11], [46, 59, 27, 4, 32, 8, 38, 45, 8, 58, 42, 1, 4, 10, 37, 44, 55, 18, 9], [11, 23, 31, 1, 16, 42, 16, 33, 17, 20, 4, 38, 43, 49, 16, 25, 29, 59, 18], [25, 28, 37, 22, 42, 9, 15, 41, 42, 53, 30, 51, 14, 6, 32, 7, 25, 3, 49], [30, 34, 38, 4, 15, 54, 16, 16, 11, 11, 54, 7, 9, 17, 54, 46, 57, 47, 20], [13, 31, 7, 47, 7, 54, 50, 31, 19, 50, 54, 2, 30, 52, 57, 3, 4, 8, 1], [53, 17, 17, 35, 47, 39, 21, 57, 34, 57, 24, 39, 59, 20, 37, 46, 38, 16, 44], [30, 9, 37, 42, 8, 23, 39, 11, 12, 47, 26, 17, 7, 15, 43, 23, 4, 13, 27], [44, 40, 51, 51, 11, 2, 12, 29, 16, 1, 45, 2, 15, 50, 46, 39, 37, 19, 39], [8, 33, 1, 24, 51, 54, 9, 3, 52, 4, 11, 34, 3, 18, 38, 15, 40, 52, 51], [16, 36, 38, 6, 5, 16, 38, 27, 27, 40, 30, 15, 47, 52, 23, 52, 49, 41, 10], [30, 7, 11, 32, 49, 34, 15, 23, 54, 10, 11, 16, 18, 23, 35, 56, 39, 1, 36], [3, 34, 31, 40, 60, 56, 6, 38, 51, 13, 39, 45, 52, 19, 59, 23, 2, 35, 23], [57, 37, 30, 31, 51, 59, 14, 27, 14, 46, 3, 57, 27, 55, 40, 49, 38, 12, 21], [26, 60, 26, 52, 8, 11, 30, 47, 39, 48, 24, 49, 32, 51, 33, 39, 33, 55, 44], [16, 20, 60, 6, 45, 60, 2, 41, 23, 43, 39, 20, 25, 38, 26, 27, 27, 33, 6], [37, 14, 3, 54, 58, 11, 47, 6, 43, 50, 20, 55, 2, 36, 40, 38, 13, 16, 42], [14, 37, 58, 54, 4, 36, 16, 29, 27, 45, 7, 21, 59, 18, 23, 48, 51, 56, 38], [56, 40, 20, 2, 29, 51, 21, 5, 22, 43, 9, 30, 34, 29, 27, 59, 24, 30, 28], [57, 41, 30, 49, 39, 45, 46, 20, 18, 24, 13, 16, 14, 21, 33, 46, 38, 34, 23], [28, 36, 51, 39, 2, 44, 24, 39, 31, 10, 11, 58, 49, 7, 49, 56, 41, 25, 17], [45, 59, 15, 54, 53, 31, 5, 26, 34, 57, 36, 26, 10, 11, 46, 37, 23, 2, 21], [38, 23, 39, 51, 48, 10, 12, 48, 6, 9, 27, 15, 55, 50, 6, 35, 49, 56, 25], [30, 36, 10, 14, 36, 20, 34, 57, 51, 34, 41, 52, 31, 45, 60, 7, 2, 60, 24], [29, 43, 5, 50, 57, 37, 9, 1, 29, 53, 19, 19, 6, 53, 54, 34, 8, 36, 33], [44, 8, 19, 52, 58, 5, 23, 28, 57, 4, 51, 15, 44, 3, 55, 16, 21, 33, 20], [45, 7, 6, 14, 57, 51, 14, 57, 15, 57, 20, 54, 30, 36, 17, 59, 31, 47, 59], [26, 4, 48, 58, 41, 56, 13, 7, 2, 49, 21, 45, 26, 11, 38, 16, 42, 30, 24], [15, 58, 58, 6, 18, 22, 28, 3, 44, 14, 33, 18, 24, 43, 18, 47, 40, 9, 59], [25, 23, 47, 52, 59, 10, 34, 56, 41, 14, 16, 8, 43, 18, 13, 59, 19, 57, 12], [51, 14, 9, 34, 28, 44, 29, 19, 10, 51, 54, 52, 18, 23, 55, 45, 29, 32, 6], [55, 8, 52, 43, 6, 59, 43, 31, 58, 46, 40, 30, 19, 45, 4, 33, 36, 34, 34], [26, 25, 22, 56, 44, 38, 49, 6, 49, 45, 38, 54, 41, 41, 54, 7, 9, 32, 40], [59, 60, 37, 44, 46, 8, 2, 20, 17, 10, 11, 13, 16, 51, 55, 24, 44, 42, 44], [51, 30, 30, 19, 39, 38, 55, 42, 8, 30, 16, 7, 57, 38, 15, 55, 51, 48, 53], [57, 26, 2, 43, 5, 10, 56, 26, 44, 47, 4, 7, 25, 15, 5, 4, 32, 7, 6], [55, 49, 28, 3, 51, 30, 56, 57, 34, 29, 54, 40, 12, 50, 4, 25, 57, 19, 11], [34, 51, 26, 30, 24, 7, 5, 50, 27, 2, 42, 51, 1, 13, 59, 2, 42, 50, 19], [35, 48, 9, 38, 33, 28, 49, 32, 25, 36, 3, 55, 27, 55, 43, 42, 2, 46, 46], [13, 34, 12, 48, 58, 27, 47, 18, 29, 48, 26, 23, 21, 23, 29, 49, 33, 9, 36], [53, 20, 12, 25, 38, 5, 60, 28, 10, 14, 47, 48, 46, 2, 22, 42, 26, 60, 42], [40, 6, 12, 28, 9, 31, 40, 27, 31, 32, 16, 45, 4, 41, 46, 25, 41, 14, 49], [36, 52, 4, 48, 11, 60, 28, 26, 39, 42, 1, 26, 40, 19, 58, 20, 25, 15, 35], [8, 56, 20, 35, 6, 19, 1, 52, 42, 26, 53, 12, 25, 17, 18, 27, 11, 33, 51], [10, 50, 41, 26, 27, 10, 5, 58, 37, 52, 14, 54, 24, 56, 36, 14, 16, 5, 47], [60, 26, 38, 57, 3, 49, 47, 25, 37, 45, 19, 41, 42, 16, 59, 57, 60, 14, 38]])
deveria ser
['tempora', 'occaecati', 'nemo', 'occaecati', 'autem', 'eveniet', 'quis', 'autem', 'quasi', 'delectus', 'nostrum', 'ad', 'nam', 'autem', 'voluptatibus', 'quisquam', 'autem', 'eum', 'necessitatibus', 'voluptatem', 'quos', 'quasi', 'autem', 'nihil', 'autem', 'incidunt', 'cum', 'nemo', 'cum', 'nihil', 'autem', 'occaecati', 'autem', 'autem', 'quisquam', 'nihil', 'autem', 'nesciunt', 'quasi', 'autem', 'eveniet', 'nihil', 'praesentium', 'quos', 'autem', 'ratione', 'quos', 'autem', 'unde', 'quasi', 'occaecati', 'vero', 'nemo', 'autem', 'autem', 'nihil']
mas deu
['tempora' 'occaecati' 'nemo' 'occaecati' 'autem' 'eveniet' 'quis' 'autem'
 'quasi' 'delectus' 'nostrum' 'ad' 'nam' 'autem' 'voluptatibus' 'quisquam'
 'autem' 'eum' 'necessitatibus' 'voluptatem' 'quos' 'quasi' 'autem'
 'nihil' 'autem' 'incidunt' 'cum' 'nemo' 'cum' 'nihil' 'autem' 'occaecati'
 'autem' 'autem' 'quisquam' 'nihil' 'autem' 'nesciunt' 'quasi' 'autem'
 'eveniet' 'nihil' 'praesentium' 'quos' 'autem' 'ratione' 'quos' 'autem'
 'unde' 'quasi' 'occaecati' 'vero' 'nemo' 'autem' 'autem' 'nihil']
Se nao entender esse erro, peça ajuda ao professor:
tester.py, 172: TypeError - only size-1 arrays can be converted to Python scalars
Teste 5 deu errado!
O resultado para
([[12, 37, 27, 22, 39, 37, 17, 20, 33, 38], [21, 30, 22, 35, 19, 37, 38, 28, 18, 11], [12, 39, 12, 16, 31, 38, 13, 12, 14, 20], [24, 19, 28, 40, 19, 33, 16, 32, 19, 29], [17, 18, 12, 21, 34, 24, 22, 32, 17, 17], [23, 29, 34, 17, 10, 33, 19, 33, 24, 32], [36, 10, 39, 37, 26, 17, 36, 30, 12, 33], [39, 30, 28, 33, 32, 20, 23, 37, 40, 36], [32, 19, 12, 15, 28, 12, 16, 22, 37, 32], [29, 20, 23, 30, 16, 38, 12, 17, 31, 32], [40, 18, 37, 24, 21, 15, 20, 25, 13, 38], [30, 11, 16, 19, 34, 10, 40, 37, 32, 35], [13, 16, 32, 21, 19, 23, 15, 39, 17, 22], [27, 22, 25, 29, 28, 12, 19, 30, 28, 28], [36, 31, 19, 13, 13, 13, 34, 18, 10, 31], [31, 18, 21, 14, 40, 16, 15, 31, 22, 15], [11, 30, 16, 28, 22, 35, 20, 40, 33, 24], [32, 33, 35, 39, 22, 16, 35, 11, 18, 26], [29, 31, 29, 35, 31, 24, 24, 30, 22, 24], [11, 36, 35, 15, 25, 35, 11, 22, 18, 26], [24, 15, 20, 36, 10, 28, 13, 40, 29, 30], [23, 39, 28, 22, 23, 13, 25, 33, 11, 14], [33, 31, 26, 26, 40, 33, 35, 40, 24, 31], [36, 34, 13, 36, 17, 26, 32, 23, 17, 40], [36, 29, 19, 18, 36, 28, 32, 18, 18, 21], [13, 38, 27, 10, 12, 30, 10, 23, 27, 30], [13, 33, 35, 33, 31, 22, 32, 18, 31, 11], [38, 40, 16, 36, 14, 32, 32, 27, 10, 35], [22, 39, 21, 25, 10, 36, 24, 21, 21, 18], [26, 31, 16, 30, 14, 36, 15, 38, 35, 10], [13, 38, 22, 40, 14, 23, 18, 31, 15, 26], [35, 14, 17, 18, 33, 27, 16, 16, 31, 40], [26, 10, 17, 23, 20, 25, 21, 11, 13, 29], [25, 28, 11, 37, 26, 15, 39, 18, 14, 28], [28, 13, 26, 37, 36, 30, 35, 28, 39, 26], [33, 20, 38, 35, 32, 19, 12, 27, 33, 20], [26, 12, 37, 33, 40, 40, 18, 37, 11, 14], [21, 35, 12, 26, 14, 25, 19, 24, 33, 17], [13, 28, 38, 32, 33, 32, 18, 23, 36, 37], [12, 13, 13, 29, 21, 33, 36, 40, 33, 30], [26, 38, 39, 37, 34, 23, 27, 16, 23, 35], [24, 21, 18, 39, 32, 20, 10, 25, 23, 38], [34, 34, 39, 13, 13, 33, 10, 33, 19, 24], [36, 31, 17, 11, 12, 31, 40, 30, 10, 35], [32, 28, 24, 23, 13, 38, 14, 36, 37, 21], [21, 39, 19, 36, 35, 15, 17, 10, 14, 25], [24, 28, 12, 16, 34, 20, 34, 32, 17, 24], [33, 27, 24, 26, 17, 13, 40, 37, 40, 28], [15, 27, 11, 30, 38, 23, 24, 14, 11, 22], [18, 20, 11, 11, 32, 12, 16, 31, 27, 37], [26, 27, 30, 24, 29, 33, 10, 31, 25, 27]], ['rem', 'quaerat', 'consectetur', 'provident', 'molestias', 'itaque', 'id', 'corrupti', 'placeat', 'eos', 'laborum', 'aliquam', 'unde', 'ipsa', 'at', 'amet', 'illo', 'laborum', 'assumenda', 'laboriosam', 'itaque', 'est', 'libero', 'repellendus', 'porro', 'deleniti', 'itaque', 'esse', 'debitis', 'accusamus', 'explicabo', 'aliquam', 'recusandae', 'architecto', 'autem', 'cumque', 'reiciendis', 'accusantium', 'eos', 'at', 'veniam', 'cumque', 'dolor', 'laborum', 'sed', 'labore', 'expedita', 'commodi', 'odio', 'laudantium', 'provident'], [[7, 32, 7, 31, 5, 30, 14, 24, 48, 18], [30, 53, 37, 24, 45, 14, 30, 1, 59, 58], [38, 46, 46, 13, 8, 51, 43, 43, 49, 40], [1, 52, 26, 48, 52, 46, 16, 17, 15, 19], [1, 4, 59, 55, 46, 2, 55, 30, 43, 25], [24, 24, 59, 8, 49, 60, 2, 39, 47, 28], [10, 43, 25, 32, 58, 19, 35, 32, 21, 31], [42, 45, 54, 31, 35, 39, 33, 45, 11, 42], [2, 33, 29, 33, 11, 32, 30, 38, 40, 15], [26, 42, 42, 7, 59, 32, 52, 54, 57, 30], [46, 37, 13, 32, 41, 7, 22, 17, 5, 25], [44, 31, 20, 49, 37, 41, 17, 40, 33, 33], [26, 52, 44, 30, 16, 24, 35, 16, 16, 47], [56, 43, 54, 48, 1, 42, 29, 33, 19, 22], [24, 14, 24, 8, 60, 44, 34, 38, 31, 56], [10, 37, 41, 27, 58, 5, 5, 5, 22, 27], [20, 59, 12, 2, 29, 48, 60, 14, 59, 1], [58, 54, 46, 13, 23, 25, 21, 12, 47, 23], [32, 60, 27, 7, 23, 28, 18, 3, 1, 34], [54, 6, 7, 58, 9, 24, 54, 5, 55, 6], [28, 46, 34, 50, 56, 30, 33, 9, 35, 37], [20, 36, 60, 1, 35, 20, 26, 9, 20, 29], [46, 34, 44, 14, 48, 37, 9, 26, 47, 52], [17, 47, 16, 13, 32, 3, 40, 34, 60, 36], [22, 35, 42, 55, 18, 20, 28, 56, 25, 45], [30, 8, 27, 20, 30, 4, 40, 42, 44, 29], [7, 12, 17, 28, 6, 5, 32, 47, 55, 10], [53, 8, 6, 42, 39, 40, 41, 48, 4, 26], [20, 39, 33, 8, 25, 9, 47, 8, 14, 7], [26, 46, 30, 25, 26, 56, 45, 2, 16, 53], [4, 56, 21, 60, 4, 17, 8, 25, 53, 33], [10, 50, 22, 29, 44, 57, 51, 57, 21, 36], [11, 58, 4, 48, 7, 13, 4, 19, 59, 34], [19, 23, 21, 10, 37, 52, 49, 50, 52, 11], [1, 58, 18, 58, 5, 4, 26, 44, 53, 7], [31, 35, 33, 37, 33, 19, 13, 36, 16, 16], [36, 4, 15, 24, 46, 16, 57, 34, 35, 6], [35, 58, 35, 8, 21, 28, 29, 30, 12, 19], [59, 56, 56, 46, 36, 24, 11, 51, 2, 17], [18, 20, 59, 3, 48, 34, 43, 48, 23, 16], [13, 59, 53, 46, 12, 18, 33, 46, 2, 39], [4, 7, 45, 39, 23, 17, 33, 8, 8, 52], [26, 45, 33, 4, 59, 59, 27, 31, 2, 18], [54, 58, 35, 45, 41, 46, 28, 34, 34, 58], [32, 24, 38, 60, 37, 17, 50, 9, 5, 58], [27, 35, 30, 48, 33, 15, 42, 44, 35, 24], [55, 41, 1, 45, 40, 42, 16, 49, 5, 9], [56, 6, 39, 56, 24, 38, 14, 48, 21, 50], [31, 28, 4, 7, 30, 4, 7, 36, 55, 60], [55, 22, 52, 35, 41, 21, 38, 59, 28, 60], [2, 14, 29, 36, 23, 29, 26, 60, 49, 24]])
deveria ser
['itaque', 'labore', 'itaque', 'consectetur', 'autem', 'cumque', 'libero', 'laborum', 'itaque', 'libero', 'at', 'sed', 'veniam', 'debitis', 'aliquam', 'laboriosam', 'consectetur', 'corrupti', 'labore', 'laborum', 'labore', 'veniam', 'cumque', 'aliquam', 'veniam', 'aliquam', 'at', 'id', 'est', 'labore', 'itaque', 'libero', 'itaque', 'commodi', 'itaque', 'cumque', 'aliquam', 'laborum', 'cumque', 'libero', 'explicabo', 'id', 'reiciendis', 'esse', 'laborum', 'libero', 'esse', 'id', 'aliquam', 'libero', 'illo']
mas deu
['itaque' 'labore' 'itaque' 'consectetur' 'autem' 'cumque' 'libero'
 'laborum' 'itaque' 'libero' 'at' 'sed' 'veniam' 'debitis' 'aliquam'
 'laboriosam' 'consectetur' 'corrupti' 'labore' 'laborum' 'labore'
 'veniam' 'cumque' 'aliquam' 'veniam' 'aliquam' 'at' 'id' 'est' 'labore'
 'itaque' 'libero' 'itaque' 'commodi' 'itaque' 'cumque' 'aliquam'
 'laborum' 'cumque' 'libero' 'explicabo' 'id' 'reiciendis' 'esse'
 'laborum' 'libero' 'esse' 'id' 'aliquam' 'libero' 'illo']
Se nao entender esse erro, peça ajuda ao professor:
tester.py, 172: TypeError - only size-1 arrays can be converted to Python scalars
Teste 6 deu errado!
O resultado para
([[38, 35, 31, 10, 30, 17, 21, 31, 21, 15, 37, 12, 29, 23], [19, 32, 18, 27, 34, 30, 11, 38, 37, 28, 36, 26, 17, 18], [24, 26, 19, 10, 38, 12, 25, 23, 24, 12, 27, 30, 34, 30], [40, 18, 33, 39, 28, 23, 23, 36, 18, 15, 11, 39, 24, 12], [19, 37, 11, 17, 37, 27, 11, 40, 14, 30, 23, 37, 26, 25], [23, 15, 12, 27, 39, 38, 24, 33, 24, 17, 37, 16, 24, 23], [21, 11, 16, 18, 11, 39, 17, 23, 24, 17, 26, 32, 13, 20], [28, 37, 11, 37, 37, 19, 23, 33, 39, 21, 16, 13, 19, 34], [11, 12, 24, 25, 28, 37, 37, 36, 19, 21, 22, 32, 14, 18], [30, 22, 14, 13, 23, 30, 14, 30, 17, 30, 28, 38, 24, 37], [20, 31, 34, 33, 39, 11, 22, 29, 30, 15, 20, 15, 22, 37], [16, 27, 29, 22, 31, 33, 24, 17, 29, 35, 25, 37, 20, 22], [12, 25, 24, 25, 31, 26, 37, 22, 38, 25, 39, 15, 15, 27], [22, 19, 23, 21, 35, 15, 21, 20, 21, 22, 26, 24, 21, 23]], ['tempora', 'illum', 'laborum', 'repudiandae', 'voluptatem', 'hic', 'voluptatum', 'illo', 'quos', 'voluptate', 'eum', 'illum', 'iure', 'consectetur'], [[41, 7, 46, 10, 6, 33, 59, 23, 39, 8, 11, 32, 27, 28], [44, 21, 47, 18, 33, 59, 45, 13, 48, 35, 47, 58, 45, 34], [5, 34, 45, 22, 24, 3, 17, 1, 54, 6, 19, 13, 40, 30], [59, 12, 39, 37, 42, 53, 51, 23, 51, 26, 30, 1, 44, 52], [29, 44, 11, 58, 8, 39, 36, 28, 8, 22, 17, 44, 8, 28], [8, 47, 8, 33, 33, 43, 44, 17, 15, 40, 10, 49, 7, 53], [25, 52, 5, 34, 10, 56, 11, 42, 34, 6, 38, 44, 19, 19], [30, 7, 14, 32, 48, 52, 7, 51, 53, 38, 15, 5, 24, 4], [8, 22, 34, 48, 1, 36, 32, 17, 27, 3, 49, 15, 5, 38], [24, 18, 57, 51, 13, 20, 14, 31, 54, 56, 12, 23, 35, 15], [34, 11, 25, 24, 12, 4, 5, 33, 51, 45, 41, 45, 56, 4], [54, 41, 49, 60, 52, 17, 1, 58, 49, 38, 5, 27, 60, 10], [43, 4, 24, 21, 19, 14, 18, 4, 32, 4, 38, 14, 7, 32], [18, 16, 38, 20, 25, 40, 46, 7, 56, 6, 23, 47, 49, 31]])
deveria ser
['voluptatum', 'illum', 'tempora', 'illo', 'illo', 'illum', 'illum', 'illum', 'iure', 'illum', 'illum', 'illum', 'voluptatum', 'illum']
mas deu
['voluptatum' 'illum' 'tempora' 'illo' 'illo' 'illum' 'illum' 'illum'
 'iure' 'illum' 'illum' 'illum' 'voluptatum' 'illum']
Se nao entender esse erro, peça ajuda ao professor:
tester.py, 172: TypeError - only size-1 arrays can be converted to Python scalars
Teste 7 deu errado!
O resultado para
([[13, 17, 18, 37, 14, 29, 21, 23, 36, 12], [11, 37, 27, 19, 11, 38, 10, 29, 37, 36], [19, 21, 35, 20, 18, 37, 21, 37, 19, 14], [19, 37, 38, 31, 40, 33, 29, 37, 17, 22], [13, 24, 24, 15, 12, 39, 30, 10, 24, 10], [24, 40, 30, 38, 23, 39, 21, 28, 16, 38], [20, 17, 26, 33, 27, 38, 38, 26, 38, 24], [16, 13, 29, 39, 10, 31, 11, 31, 26, 23], [18, 40, 18, 16, 21, 24, 14, 26, 19, 28], [31, 14, 31, 27, 39, 25, 20, 10, 17, 11], [22, 27, 34, 33, 10, 17, 17, 33, 27, 22], [39, 32, 34, 26, 19, 35, 38, 32, 24, 28], [19, 17, 22, 23, 32, 23, 33, 16, 22, 25], [20, 22, 26, 17, 11, 11, 28, 21, 19, 15], [25, 26, 23, 36, 10, 36, 22, 35, 34, 39], [39, 10, 18, 16, 15, 34, 13, 37, 20, 15], [28, 33, 36, 24, 25, 33, 23, 32, 27, 36], [36, 16, 10, 16, 17, 34, 33, 33, 17, 27], [22, 25, 12, 26, 29, 10, 25, 28, 30, 12], [35, 39, 17, 13, 27, 37, 28, 17, 29, 37], [22, 35, 28, 33, 34, 27, 10, 31, 15, 14], [29, 20, 32, 17, 24, 18, 25, 39, 26, 40], [38, 39, 20, 36, 30, 22, 19, 26, 30, 30], [38, 23, 27, 31, 10, 17, 16, 31, 11, 33], [28, 16, 15, 33, 13, 20, 40, 38, 36, 33], [40, 14, 35, 34, 36, 40, 26, 38, 32, 26], [14, 26, 15, 21, 27, 16, 10, 29, 18, 39], [33, 15, 24, 14, 24, 12, 35, 30, 10, 35], [21, 20, 22, 32, 29, 33, 17, 30, 15, 17], [35, 19, 19, 13, 37, 30, 30, 13, 37, 30], [22, 25, 23, 24, 15, 30, 21, 28, 15, 34], [17, 32, 10, 26, 28, 22, 11, 18, 22, 24], [15, 20, 16, 30, 22, 21, 29, 13, 12, 26], [38, 28, 23, 21, 24, 22, 23, 25, 16, 25], [31, 27, 24, 25, 20, 37, 19, 28, 27, 24], [18, 21, 32, 17, 29, 12, 39, 32, 17, 38], [30, 22, 25, 31, 12, 23, 10, 20, 22, 32], [17, 11, 12, 21, 13, 11, 36, 28, 19, 19], [35, 32, 24, 11, 28, 11, 21, 39, 26, 16], [12, 32, 32, 16, 26, 27, 20, 26, 20, 13], [36, 33, 12, 10, 25, 17, 12, 35, 30, 12], [29, 38, 19, 22, 17, 33, 14, 13, 15, 16], [35, 27, 32, 11, 21, 15, 32, 19, 25, 17], [12, 26, 40, 27, 37, 27, 17, 27, 34, 26], [26, 16, 20, 18, 18, 16, 34, 28, 22, 31], [18, 11, 16, 40, 27, 23, 39, 39, 14, 22], [14, 22, 18, 39, 24, 13, 30, 40, 10, 28], [20, 15, 28, 27, 26, 22, 32, 34, 27, 32], [24, 35, 37, 28, 10, 34, 19, 39, 38, 14], [39, 33, 22, 25, 11, 33, 29, 16, 29, 30], [21, 18, 11, 26, 24, 35, 33, 34, 11, 23], [38, 13, 32, 19, 40, 21, 16, 34, 14, 32], [15, 37, 35, 36, 38, 11, 37, 29, 39, 11], [29, 35, 27, 30, 27, 27, 14, 35, 19, 15], [30, 37, 21, 26, 35, 10, 18, 37, 11, 14], [28, 22, 15, 34, 23, 27, 15, 22, 13, 38], [31, 16, 23, 16, 26, 18, 32, 37, 30, 24], [19, 39, 13, 24, 23, 15, 36, 18, 35, 23], [34, 37, 30, 12, 15, 25, 22, 37, 17, 10], [15, 27, 33, 27, 33, 30, 23, 39, 27, 15], [12, 20, 10, 22, 16, 12, 40, 31, 12, 21], [16, 27, 15, 38, 39, 16, 31, 16, 33, 16], [26, 17, 38, 11, 14, 19, 10, 32, 16, 36], [38, 24, 35, 28, 21, 21, 27, 33, 31, 31], [19, 27, 28, 29, 17, 16, 38, 24, 12, 16], [18, 18, 29, 23, 25, 27, 27, 18, 33, 35], [35, 15, 35, 29, 34, 19, 16, 14, 30, 33], [16, 11, 23, 33, 22, 21, 24, 13, 30, 33], [19, 19, 19, 27, 16, 29, 27, 24, 34, 34], [19, 21, 37, 40, 34, 13, 12, 18, 20, 38], [38, 27, 16, 20, 29, 20, 25, 33, 30, 17], [31, 24, 21, 15, 23, 19, 37, 19, 19, 15], [31, 35, 21, 34, 19, 19, 15, 36, 11, 19], [15, 27, 32, 14, 23, 29, 17, 38, 36, 35], [22, 27, 29, 18, 13, 39, 30, 31, 35, 25], [38, 32, 21, 26, 25, 37, 38, 38, 13, 24], [39, 24, 18, 40, 18, 15, 20, 31, 38, 18], [31, 17, 27, 19, 36, 21, 16, 38, 12, 29], [27, 12, 40, 17, 20, 31, 18, 13, 11, 32], [21, 29, 25, 10, 20, 13, 14, 32, 12, 21], [26, 14, 10, 27, 27, 12, 31, 38, 30, 14], [20, 11, 35, 27, 32, 14, 17, 19, 29, 38], [10, 23, 25, 39, 22, 13, 15, 13, 36, 15], [17, 38, 14, 21, 16, 21, 13, 22, 25, 19], [26, 11, 38, 10, 32, 19, 37, 10, 35, 38], [38, 36, 30, 10, 25, 24, 11, 14, 35, 39], [10, 20, 29, 23, 29, 30, 14, 17, 14, 19], [32, 16, 35, 37, 16, 33, 25, 38, 10, 29]], ['voluptatem', 'veniam', 'accusantium', 'accusamus', 'vero', 'quidem', 'ipsa', 'quos', 'mollitia', 'quis', 'optio', 'vel', 'placeat', 'suscipit', 'alias', 'dolorum', 'vero', 'consectetur', 'tenetur', 'deserunt', 'necessitatibus', 'officiis', 'doloremque', 'enim', 'maxime', 'tempora', 'dolor', 'autem', 'illum', 'facere', 'sequi', 'vero', 'harum', 'nemo', 'adipisci', 'quo', 'ad', 'voluptatibus', 'reprehenderit', 'asperiores', 'dignissimos', 'consectetur', 'omnis', 'iure', 'cupiditate', 'animi', 'itaque', 'iste', 'exercitationem', 'quos', 'similique', 'autem', 'harum', 'possimus', 'iste', 'quod', 'illum', 'similique', 'nostrum', 'repudiandae', 'tempora', 'architecto', 'quaerat', 'vero', 'ut', 'reprehenderit', 'cumque', 'expedita', 'corrupti', 'omnis', 'ex', 'dolore', 'tempora', 'corporis', 'officia', 'amet', 'voluptatum', 'modi', 'sunt', 'at', 'at', 'porro', 'adipisci', 'animi', 'earum', 'explicabo', 'repellendus', 'qui'], [[36, 23, 29, 34, 51, 55, 39, 56, 26, 32], [43, 38, 60, 24, 38, 35, 24, 38, 45, 29], [39, 47, 32, 16, 21, 7, 4, 9, 15, 28], [33, 40, 55, 3, 28, 21, 18, 8, 35, 39], [32, 5, 40, 1, 59, 22, 7, 59, 17, 30], [21, 50, 12, 27, 31, 5, 11, 30, 57, 9], [29, 53, 57, 32, 16, 10, 42, 53, 55, 19], [40, 23, 53, 21, 10, 49, 46, 16, 30, 46], [50, 20, 59, 15, 56, 9, 10, 36, 17, 44], [22, 55, 24, 60, 22, 14, 2, 25, 49, 56], [40, 47, 40, 7, 20, 39, 42, 19, 1, 8], [35, 9, 59, 17, 4, 36, 35, 19, 27, 1], [38, 4, 3, 12, 8, 6, 39, 9, 44, 41], [25, 45, 12, 33, 46, 31, 58, 32, 17, 38], [52, 57, 55, 23, 27, 56, 4, 54, 37, 41], [52, 5, 44, 37, 9, 3, 60, 44, 44, 23], [57, 51, 22, 37, 42, 30, 20, 2, 54, 27], [27, 4, 11, 33, 24, 8, 48, 15, 56, 39], [28, 21, 12, 30, 14, 58, 26, 1, 12, 34], [13, 21, 34, 18, 44, 10, 56, 9, 26, 21], [44, 59, 30, 42, 26, 26, 54, 12, 23, 44], [21, 43, 35, 23, 14, 48, 15, 35, 27, 50], [29, 40, 33, 5, 3, 8, 54, 21, 20, 51], [2, 26, 58, 47, 15, 29, 55, 37, 2, 19], [9, 8, 7, 43, 48, 7, 45, 45, 3, 12], [44, 60, 27, 18, 59, 59, 12, 42, 48, 39], [16, 26, 60, 7, 14, 30, 54, 15, 46, 2], [53, 13, 23, 23, 46, 42, 35, 31, 52, 9], [39, 42, 27, 12, 21, 1, 21, 27, 7, 55], [25, 10, 55, 2, 40, 43, 49, 49, 19, 47], [12, 4, 47, 46, 51, 14, 24, 43, 30, 32], [8, 44, 48, 9, 22, 18, 7, 33, 14, 38], [39, 49, 27, 42, 10, 23, 21, 17, 18, 9], [31, 32, 5, 32, 54, 15, 3, 23, 47, 45], [26, 11, 38, 12, 24, 25, 60, 58, 38, 28], [32, 37, 3, 48, 16, 44, 26, 19, 12, 10], [28, 17, 50, 50, 34, 17, 57, 28, 46, 55], [57, 33, 27, 10, 48, 60, 34, 2, 27, 29], [24, 8, 22, 16, 9, 23, 11, 49, 18, 46], [2, 36, 52, 55, 17, 60, 1, 1, 40, 18], [3, 54, 6, 53, 33, 3, 32, 4, 51, 43], [38, 33, 14, 13, 15, 6, 28, 1, 20, 4], [46, 25, 16, 54, 43, 35, 58, 8, 25, 36], [46, 59, 27, 3, 36, 15, 6, 6, 26, 12], [46, 53, 60, 4, 24, 52, 3, 28, 22, 46], [60, 36, 21, 9, 21, 6, 25, 27, 28, 50], [53, 12, 36, 9, 24, 5, 10, 26, 37, 33], [18, 58, 32, 52, 42, 36, 16, 28, 40, 3], [19, 52, 12, 42, 22, 36, 51, 48, 44, 9], [43, 36, 47, 42, 52, 5, 58, 8, 58, 57], [26, 45, 37, 47, 31, 11, 7, 21, 59, 31], [58, 6, 12, 53, 46, 42, 5, 36, 42, 47], [37, 5, 47, 7, 60, 9, 8, 44, 12, 27], [34, 59, 5, 45, 47, 15, 59, 28, 46, 38], [8, 2, 46, 38, 26, 27, 38, 30, 9, 48], [6, 42, 45, 7, 35, 45, 59, 55, 51, 36], [48, 13, 12, 19, 11, 60, 50, 52, 55, 11], [54, 11, 9, 35, 2, 10, 21, 48, 50, 7], [6, 10, 15, 59, 59, 45, 9, 5, 39, 44], [55, 31, 6, 7, 29, 50, 58, 22, 8, 8], [6, 52, 14, 2, 43, 14, 27, 42, 3, 23], [14, 43, 17, 29, 43, 32, 6, 40, 7, 31], [32, 16, 32, 21, 18, 45, 46, 34, 50, 8], [58, 13, 32, 28, 56, 16, 54, 47, 55, 9], [57, 51, 56, 36, 17, 58, 54, 9, 33, 59], [46, 52, 3, 58, 44, 53, 58, 58, 13, 60], [54, 6, 48, 60, 37, 17, 54, 35, 48, 22], [22, 11, 1, 60, 31, 60, 48, 58, 56, 3], [32, 2, 52, 58, 55, 37, 58, 4, 35, 45], [24, 57, 8, 9, 38, 31, 24, 36, 45, 58], [6, 57, 13, 54, 47, 10, 39, 44, 36, 29], [13, 53, 33, 22, 50, 54, 33, 33, 37, 29], [44, 44, 34, 52, 25, 26, 24, 12, 56, 21], [28, 19, 55, 24, 24, 53, 38, 26, 52, 46], [11, 31, 60, 47, 49, 27, 34, 47, 39, 16], [37, 30, 56, 28, 17, 37, 32, 52, 24, 57], [8, 2, 55, 49, 22, 14, 57, 54, 8, 25], [23, 19, 28, 2, 43, 21, 57, 1, 59, 8], [44, 51, 23, 53, 56, 35, 22, 4, 39, 33], [33, 59, 45, 28, 52, 21, 31, 47, 55, 47], [52, 25, 20, 38, 10, 57, 46, 47, 19, 19], [54, 1, 34, 25, 16, 1, 37, 3, 36, 58], [37, 33, 5, 5, 57, 53, 26, 32, 10, 13], [13, 2, 50, 27, 45, 4, 27, 20, 44, 50], [51, 39, 40, 32, 9, 17, 52, 53, 9, 31], [43, 60, 36, 42, 60, 52, 33, 5, 8, 49], [31, 60, 44, 31, 10, 12, 12, 35, 37, 8], [44, 55, 45, 60, 41, 21, 15, 40, 60, 48]])
deveria ser
['tempora', 'harum', 'mollitia', 'explicabo', 'autem', 'tenetur', 'exercitationem', 'quos', 'dolor', 'quidem', 'at', 'dolorum', 'earum', 'similique', 'quidem', 'dolorum', 'doloremque', 'harum', 'similique', 'accusamus', 'quidem', 'quidem', 'suscipit', 'repellendus', 'tempora', 'quidem', 'harum', 'harum', 'autem', 'officiis', 'iure', 'repellendus', 'enim', 'dolor', 'maxime', 'consectetur', 'officiis', 'explicabo', 'officiis', 'veniam', 'harum', 'tenetur', 'architecto', 'dignissimos', 'explicabo', 'officiis', 'explicabo', 'harum', 'similique', 'harum', 'omnis', 'tempora', 'autem', 'similique', 'repellendus', 'quidem', 'quos', 'at', 'veniam', 'tempora', 'itaque', 'itaque', 'ipsa', 'harum', 'quidem', 'quidem', 'dolorum', 'animi', 'earum', 'officiis', 'adipisci', 'quidem', 'harum', 'ipsa', 'accusamus', 'officiis', 'repellendus', 'earum', 'harum', 'officiis', 'tempora', 'earum', 'consectetur', 'harum', 'enim', 'quidem', 'exercitationem', 'quidem']
mas deu
['tempora' 'harum' 'mollitia' 'explicabo' 'autem' 'tenetur'
 'exercitationem' 'quos' 'dolor' 'quidem' 'at' 'dolorum' 'earum'
 'similique' 'quidem' 'dolorum' 'doloremque' 'harum' 'similique'
 'accusamus' 'quidem' 'quidem' 'suscipit' 'repellendus' 'tempora' 'quidem'
 'harum' 'harum' 'autem' 'officiis' 'iure' 'repellendus' 'enim' 'dolor'
 'maxime' 'consectetur' 'officiis' 'explicabo' 'officiis' 'veniam' 'harum'
 'tenetur' 'architecto' 'dignissimos' 'explicabo' 'officiis' 'explicabo'
 'harum' 'similique' 'harum' 'omnis' 'tempora' 'autem' 'similique'
 'repellendus' 'quidem' 'quos' 'at' 'veniam' 'tempora' 'itaque' 'itaque'
 'ipsa' 'harum' 'quidem' 'quidem' 'dolorum' 'animi' 'earum' 'officiis'
 'adipisci' 'quidem' 'harum' 'ipsa' 'accusamus' 'officiis' 'repellendus'
 'earum' 'harum' 'officiis' 'tempora' 'earum' 'consectetur' 'harum' 'enim'
 'quidem' 'exercitationem' 'quidem']
Se nao entender esse erro, peça ajuda ao professor:
tester.py, 172: TypeError - only size-1 arrays can be converted to Python scalars
Teste 8 deu errado!
O resultado para
([[12, 13, 24, 36, 26, 40, 25, 28, 28, 35], [25, 16, 19, 40, 31, 29, 39, 13, 20, 22], [25, 36, 35, 17, 20, 26, 11, 15, 28, 15], [27, 16, 14, 16, 14, 23, 34, 12, 13, 14], [28, 28, 32, 23, 20, 33, 29, 34, 37, 17], [18, 32, 11, 25, 24, 23, 11, 30, 36, 32], [39, 14, 12, 39, 20, 29, 26, 21, 17, 34], [20, 25, 28, 30, 27, 16, 11, 30, 21, 14], [18, 32, 37, 19, 30, 36, 23, 34, 12, 20], [21, 26, 38, 32, 21, 12, 36, 13, 26, 13], [23, 34, 39, 31, 21, 25, 24, 36, 19, 32], [30, 21, 12, 29, 21, 31, 19, 39, 21, 39], [17, 29, 38, 28, 10, 13, 35, 27, 17, 19], [24, 37, 29, 13, 31, 24, 39, 25, 18, 38], [24, 38, 10, 21, 13, 23, 30, 32, 29, 26], [18, 20, 40, 22, 17, 33, 32, 19, 11, 39], [24, 19, 24, 18, 26, 15, 31, 17, 18, 28], [35, 39, 27, 27, 27, 14, 30, 32, 35, 21], [28, 38, 33, 28, 28, 10, 24, 22, 36, 39], [25, 13, 33, 19, 16, 19, 16, 31, 36, 21], [38, 36, 12, 14, 31, 11, 37, 30, 23, 23], [19, 11, 16, 32, 18, 13, 37, 23, 24, 38], [39, 35, 17, 14, 14, 35, 28, 21, 11, 39], [37, 20, 10, 32, 17, 21, 14, 20, 16, 25], [25, 10, 30, 37, 16, 36, 40, 25, 32, 18], [37, 21, 11, 25, 13, 33, 14, 30, 30, 32], [10, 36, 33, 35, 33, 26, 11, 24, 30, 40], [23, 37, 31, 33, 10, 28, 11, 14, 24, 17], [25, 31, 26, 21, 18, 39, 36, 13, 20, 19], [16, 28, 25, 10, 36, 37, 12, 17, 36, 15], [24, 27, 34, 11, 26, 34, 22, 17, 13, 23], [22, 24, 16, 33, 20, 11, 18, 19, 31, 22], [20, 15, 18, 23, 33, 24, 30, 29, 13, 23], [38, 15, 36, 27, 36, 11, 10, 11, 40, 14], [14, 12, 25, 17, 33, 30, 22, 29, 10, 33], [25, 23, 14, 29, 30, 13, 24, 14, 11, 21], [12, 29, 37, 37, 38, 19, 29, 40, 23, 13], [33, 30, 11, 27, 25, 36, 24, 27, 11, 31], [23, 14, 20, 27, 23, 33, 35, 30, 25, 24], [27, 24, 22, 34, 35, 16, 32, 28, 12, 39], [14, 25, 22, 12, 37, 17, 28, 14, 33, 12], [35, 28, 31, 26, 14, 26, 38, 28, 40, 35], [20, 40, 34, 27, 22, 21, 36, 17, 16, 17], [31, 17, 15, 17, 31, 39, 29, 39, 25, 36], [37, 26, 36, 40, 33, 25, 26, 39, 35, 29], [39, 27, 16, 13, 26, 16, 38, 10, 37, 33], [35, 23, 20, 32, 15, 34, 15, 40, 17, 26], [13, 11, 12, 16, 13, 20, 30, 39, 29, 15], [31, 13, 13, 37, 38, 10, 20, 22, 11, 39], [24, 19, 31, 33, 14, 38, 24, 40, 35, 33], [15, 10, 20, 38, 30, 37, 14, 10, 40, 31], [17, 35, 13, 32, 22, 30, 29, 20, 40, 32], [15, 17, 16, 38, 25, 18, 38, 35, 38, 11], [27, 29, 13, 18, 18, 21, 15, 30, 28, 34], [23, 34, 37, 35, 28, 21, 31, 28, 20, 22], [39, 17, 17, 36, 30, 38, 23, 34, 37, 34], [30, 36, 16, 18, 15, 32, 34, 12, 21, 29], [32, 31, 23, 34, 25, 33, 10, 10, 38, 27], [29, 27, 32, 38, 12, 31, 23, 22, 35, 31], [33, 15, 33, 30, 30, 35, 29, 29, 14, 33], [10, 21, 31, 32, 14, 17, 31, 39, 30, 27], [29, 39, 23, 29, 10, 20, 35, 27, 10, 26], [26, 17, 20, 40, 12, 37, 36, 16, 34, 33], [26, 37, 39, 11, 27, 14, 38, 17, 31, 40], [31, 18, 20, 11, 32, 27, 23, 21, 32, 24], [29, 25, 19, 13, 30, 28, 22, 37, 38, 28], [39, 40, 24, 31, 16, 32, 20, 38, 37, 29], [16, 32, 20, 16, 13, 14, 21, 26, 24, 14], [12, 17, 28, 39, 29, 36, 27, 31, 17, 23], [13, 20, 27, 29, 30, 15, 31, 34, 11, 14], [29, 30, 20, 16, 28, 25, 22, 37, 27, 24], [13, 38, 19, 34, 21, 25, 14, 39, 24, 38], [16, 38, 27, 17, 27, 27, 19, 31, 39, 28], [26, 35, 39, 37, 29, 24, 11, 25, 26, 20], [39, 12, 23, 21, 16, 23, 39, 15, 33, 14], [27, 26, 38, 14, 25, 35, 13, 38, 30, 40], [29, 17, 28, 25, 32, 31, 25, 30, 39, 16], [32, 11, 15, 30, 39, 35, 16, 39, 20, 37], [18, 12, 34, 14, 25, 17, 25, 23, 22, 18], [29, 14, 30, 24, 23, 29, 31, 30, 37, 37], [10, 37, 19, 40, 23, 40, 18, 26, 10, 39], [35, 23, 21, 26, 23, 17, 32, 19, 11, 21], [15, 36, 22, 20, 37, 26, 21, 29, 22, 12], [29, 26, 23, 12, 16, 18, 35, 37, 39, 27], [11, 18, 14, 29, 25, 20, 13, 33, 26, 35], [30, 24, 12, 31, 19, 17, 30, 23, 17, 27], [35, 31, 18, 16, 36, 26, 35, 10, 38, 15], [17, 12, 20, 23, 30, 29, 32, 36, 26, 19], [13, 15, 38, 12, 36, 23, 34, 19, 17, 19], [16, 12, 38, 11, 30, 35, 15, 32, 29, 11], [30, 27, 17, 17, 27, 38, 36, 22, 25, 24]], ['occaecati', 'aliquid', 'saepe', 'voluptates', 'libero', 'aut', 'ullam', 'debitis', 'cupiditate', 'et', 'commodi', 'libero', 'ut', 'nam', 'aspernatur', 'illum', 'ipsam', 'eius', 'nobis', 'tenetur', 'animi', 'ab', 'quae', 'eius', 'nisi', 'maiores', 'reiciendis', 'dolorum', 'modi', 'occaecati', 'laudantium', 'nam', 'vel', 'nihil', 'incidunt', 'temporibus', 'necessitatibus', 'asperiores', 'minus', 'explicabo', 'natus', 'similique', 'unde', 'rem', 'quasi', 'perspiciatis', 'nostrum', 'eius', 'occaecati', 'laborum', 'tempore', 'saepe', 'veniam', 'labore', 'rem', 'officia', 'tempore', 'sit', 'quod', 'voluptate', 'qui', 'reprehenderit', 'aut', 'mollitia', 'doloremque', 'sint', 'placeat', 'corporis', 'voluptatum', 'libero', 'quasi', 'laboriosam', 'quibusdam', 'unde', 'tenetur', 'quasi', 'nisi', 'dolorem', 'magnam', 'ab', 'eligendi', 'praesentium', 'sint', 'voluptatem', 'incidunt', 'nobis', 'iusto', 'vel', 'voluptatum', 'maiores', 'quasi'], [[29, 53, 48, 2, 51, 1, 28, 42, 1, 60], [13, 55, 35, 24, 38, 8, 4, 40, 22, 40], [21, 47, 26, 21, 59, 35, 31, 30, 43, 25], [24, 15, 4, 49, 15, 22, 3, 30, 17, 43], [60, 34, 37, 60, 39, 56, 47, 18, 39, 26], [17, 42, 55, 26, 22, 42, 50, 2, 40, 25], [13, 58, 41, 60, 51, 5, 31, 58, 35, 52], [18, 48, 39, 40, 52, 34, 45, 15, 39, 58], [34, 29, 42, 53, 28, 15, 31, 41, 41, 35], [41, 27, 34, 27, 10, 39, 23, 1, 10, 28], [18, 41, 55, 4, 6, 46, 9, 17, 50, 46], [16, 8, 28, 1, 44, 60, 53, 5, 52, 24], [56, 39, 47, 37, 5, 45, 50, 28, 13, 53], [50, 29, 45, 42, 37, 44, 30, 51, 35, 56], [42, 45, 6, 47, 37, 11, 54, 48, 18, 5], [43, 20, 40, 25, 21, 47, 42, 7, 25, 42], [2, 50, 36, 50, 39, 39, 5, 13, 17, 42], [44, 16, 16, 18, 26, 1, 47, 17, 44, 26], [20, 39, 43, 25, 19, 49, 12, 18, 47, 15], [56, 43, 40, 17, 3, 11, 1, 57, 20, 8], [29, 4, 60, 19, 28, 49, 29, 10, 26, 25], [3, 43, 37, 16, 55, 44, 57, 58, 47, 17], [35, 23, 17, 36, 1, 7, 21, 31, 15, 40], [55, 37, 58, 35, 22, 54, 23, 60, 22, 53], [16, 48, 13, 41, 48, 36, 36, 12, 31, 59], [45, 21, 58, 4, 10, 7, 23, 33, 29, 28], [39, 38, 44, 44, 23, 36, 10, 45, 31, 40], [13, 11, 48, 35, 60, 14, 58, 10, 40, 17], [13, 36, 8, 19, 49, 7, 59, 53, 27, 5], [4, 59, 17, 36, 14, 45, 25, 49, 45, 11], [4, 18, 41, 11, 22, 15, 41, 21, 58, 14], [19, 12, 58, 36, 21, 3, 22, 4, 10, 9], [56, 43, 57, 8, 43, 24, 10, 10, 28, 30], [39, 5, 27, 10, 11, 14, 54, 6, 32, 59], [15, 35, 57, 54, 32, 15, 41, 44, 39, 44], [29, 15, 9, 4, 20, 13, 38, 48, 29, 3], [45, 27, 49, 41, 11, 5, 12, 23, 29, 19], [42, 28, 3, 11, 4, 36, 32, 37, 35, 17], [49, 47, 46, 56, 40, 59, 46, 18, 29, 24], [37, 40, 41, 12, 22, 43, 43, 47, 10, 23], [21, 11, 31, 34, 5, 2, 42, 8, 52, 26], [60, 52, 39, 33, 40, 41, 20, 25, 34, 13], [40, 28, 19, 29, 27, 30, 32, 40, 13, 32], [24, 38, 38, 16, 27, 21, 46, 18, 48, 32], [4, 21, 5, 7, 33, 53, 4, 60, 4, 48], [60, 41, 32, 37, 18, 11, 8, 36, 21, 45], [27, 36, 8, 58, 54, 9, 1, 57, 49, 6], [33, 16, 23, 29, 58, 59, 2, 23, 59, 23], [8, 42, 20, 27, 20, 33, 15, 40, 25, 59], [35, 27, 32, 59, 49, 7, 20, 45, 3, 59], [20, 4, 16, 28, 57, 58, 46, 59, 19, 35], [31, 11, 23, 26, 42, 40, 46, 54, 42, 33], [6, 18, 60, 17, 18, 42, 31, 55, 20, 45], [26, 56, 60, 58, 10, 11, 38, 6, 19, 20], [22, 7, 33, 57, 3, 26, 12, 41, 58, 53], [22, 58, 10, 2, 1, 36, 26, 53, 15, 1], [16, 49, 41, 44, 50, 39, 15, 6, 16, 7], [46, 36, 37, 39, 18, 21, 48, 22, 45, 2], [47, 47, 25, 23, 47, 14, 47, 25, 5, 14], [50, 38, 7, 52, 28, 57, 23, 2, 49, 35], [29, 18, 40, 8, 23, 2, 46, 9, 38, 56], [7, 24, 2, 39, 39, 9, 2, 32, 28, 57], [33, 48, 33, 6, 3, 46, 32, 43, 11, 9], [54, 28, 7, 42, 18, 59, 11, 13, 52, 12], [4, 12, 20, 23, 49, 15, 52, 18, 8, 19], [9, 19, 16, 6, 59, 33, 48, 21, 42, 30], [57, 3, 56, 53, 23, 54, 57, 1, 36, 32], [24, 24, 8, 7, 22, 57, 23, 59, 36, 17], [11, 53, 28, 22, 43, 1, 38, 21, 56, 46], [50, 51, 33, 2, 33, 35, 34, 3, 26, 60], [14, 19, 34, 15, 20, 56, 56, 10, 25, 19], [27, 4, 23, 57, 4, 4, 24, 27, 1, 1], [20, 47, 8, 52, 22, 36, 20, 54, 47, 46], [49, 12, 57, 51, 13, 41, 58, 10, 2, 48], [37, 40, 31, 28, 28, 30, 16, 34, 30, 9], [46, 24, 58, 34, 25, 5, 36, 36, 24, 60], [30, 59, 7, 24, 58, 54, 33, 38, 60, 28], [53, 13, 26, 20, 31, 60, 4, 34, 10, 7], [50, 24, 36, 40, 5, 51, 32, 50, 27, 55], [41, 27, 17, 22, 1, 8, 13, 49, 55, 45], [43, 28, 30, 52, 30, 24, 13, 47, 36, 17], [29, 8, 40, 39, 35, 21, 20, 55, 17, 36], [13, 17, 20, 16, 3, 8, 49, 10, 57, 22], [38, 27, 17, 34, 26, 58, 33, 10, 14, 12], [40, 6, 18, 15, 29, 29, 44, 47, 42, 11], [21, 50, 34, 25, 2, 9, 7, 46, 7, 25], [29, 24, 38, 58, 58, 8, 45, 9, 47, 24], [40, 3, 33, 19, 16, 26, 22, 54, 11, 55], [15, 17, 6, 55, 10, 18, 7, 33, 51, 53], [48, 25, 52, 22, 49, 23, 47, 17, 40, 38], [21, 57, 24, 46, 6, 21, 59, 29, 36, 3]])
deveria ser
['occaecati', 'necessitatibus', 'quibusdam', 'eius', 'aliquid', 'saepe', 'necessitatibus', 'unde', 'quasi', 'sit', 'mollitia', 'occaecati', 'illum', 'quasi', 'necessitatibus', 'perspiciatis', 'reiciendis', 'perspiciatis', 'saepe', 'unde', 'tempore', 'necessitatibus', 'ut', 'occaecati', 'reiciendis', 'illum', 'quasi', 'iusto', 'veniam', 'placeat', 'illum', 'occaecati', 'iusto', 'perspiciatis', 'quasi', 'eius', 'quod', 'eius', 'aliquid', 'unde', 'ut', 'sint', 'nostrum', 'saepe', 'eligendi', 'placeat', 'veniam', 'nihil', 'laboriosam', 'occaecati', 'dolorem', 'occaecati', 'illum', 'unde', 'laborum', 'aspernatur', 'unde', 'similique', 'unde', 'saepe', 'mollitia', 'occaecati', 'laborum', 'eius', 'incidunt', 'occaecati', 'nisi', 'laborum', 'nobis', 'perspiciatis', 'modi', 'veniam', 'saepe', 'occaecati', 'eius', 'illum', 'quasi', 'maiores', 'laborum', 'similique', 'quasi', 'illum', 'nam', 'modi', 'nisi', 'reprehenderit', 'aliquid', 'libero', 'aut', 'similique', 'veniam']
mas deu
['occaecati' 'necessitatibus' 'quibusdam' 'eius' 'aliquid' 'saepe'
 'necessitatibus' 'unde' 'quasi' 'sit' 'mollitia' 'occaecati' 'illum'
 'quasi' 'necessitatibus' 'perspiciatis' 'reiciendis' 'perspiciatis'
 'saepe' 'unde' 'tempore' 'necessitatibus' 'ut' 'occaecati' 'reiciendis'
 'illum' 'quasi' 'iusto' 'veniam' 'placeat' 'illum' 'occaecati' 'iusto'
 'perspiciatis' 'quasi' 'eius' 'quod' 'eius' 'aliquid' 'unde' 'ut' 'sint'
 'nostrum' 'saepe' 'eligendi' 'placeat' 'veniam' 'nihil' 'laboriosam'
 'occaecati' 'dolorem' 'occaecati' 'illum' 'unde' 'laborum' 'aspernatur'
 'unde' 'similique' 'unde' 'saepe' 'mollitia' 'occaecati' 'laborum' 'eius'
 'incidunt' 'occaecati' 'nisi' 'laborum' 'nobis' 'perspiciatis' 'modi'
 'veniam' 'saepe' 'occaecati' 'eius' 'illum' 'quasi' 'maiores' 'laborum'
 'similique' 'quasi' 'illum' 'nam' 'modi' 'nisi' 'reprehenderit' 'aliquid'
 'libero' 'aut' 'similique' 'veniam']
Se nao entender esse erro, peça ajuda ao professor:
tester.py, 172: TypeError - only size-1 arrays can be converted to Python scalars
Teste 9 deu errado!
O resultado para
([[37, 31, 18, 18, 40, 11, 21, 14, 21, 18, 10, 20], [20, 13, 19, 16, 17, 28, 35, 29, 10, 27, 25, 30], [33, 23, 24, 19, 33, 18, 25, 10, 36, 23, 16, 33], [24, 24, 26, 12, 38, 32, 25, 16, 36, 10, 31, 38], [14, 30, 11, 34, 30, 10, 35, 16, 30, 19, 31, 19], [12, 40, 33, 30, 37, 13, 13, 10, 25, 11, 34, 24], [21, 23, 18, 33, 12, 40, 33, 13, 23, 39, 21, 21], [13, 18, 27, 20, 37, 36, 11, 28, 31, 19, 21, 39], [26, 39, 24, 26, 10, 19, 23, 25, 35, 31, 15, 27], [17, 23, 11, 18, 23, 10, 17, 35, 16, 31, 30, 10], [23, 26, 38, 26, 15, 34, 18, 33, 37, 37, 33, 27], [12, 20, 18, 14, 21, 16, 18, 10, 14, 32, 19, 10], [30, 20, 32, 35, 23, 13, 21, 39, 32, 25, 19, 36], [24, 20, 36, 27, 33, 39, 21, 15, 21, 16, 36, 13], [15, 30, 13, 28, 15, 29, 14, 13, 17, 30, 11, 22], [20, 19, 37, 36, 14, 32, 18, 36, 12, 17, 24, 27], [39, 11, 33, 37, 34, 28, 16, 26, 22, 35, 21, 13], [36, 37, 30, 36, 33, 13, 26, 14, 18, 36, 21, 32], [22, 35, 22, 35, 14, 23, 39, 36, 33, 17, 22, 24], [28, 29, 25, 34, 39, 16, 13, 22, 37, 34, 38, 11], [38, 28, 26, 15, 37, 15, 32, 17, 20, 25, 32, 36]], ['aspernatur', 'sit', 'facilis', 'expedita', 'asperiores', 'corrupti', 'vel', 'illo', 'laboriosam', 'autem', 'explicabo', 'deserunt', 'nobis', 'quos', 'nemo', 'quod', 'enim', 'consectetur', 'molestiae', 'ex', 'facilis'], [[14, 53, 3, 53, 15, 38, 21, 50, 31, 59, 35, 21], [20, 21, 54, 19, 6, 41, 60, 22, 50, 10, 5, 28], [49, 10, 28, 60, 55, 34, 43, 4, 48, 42, 17, 16], [44, 33, 50, 17, 2, 20, 14, 38, 2, 53, 36, 56], [13, 26, 1, 13, 35, 45, 15, 43, 36, 12, 23, 59], [30, 34, 52, 59, 50, 51, 35, 15, 4, 27, 57, 2], [55, 57, 21, 13, 22, 43, 36, 40, 55, 8, 12, 23], [14, 33, 51, 40, 26, 53, 34, 14, 32, 57, 52, 21], [56, 6, 20, 23, 53, 49, 9, 3, 23, 44, 1, 44], [2, 50, 7, 48, 44, 50, 35, 24, 59, 41, 23, 33], [45, 9, 53, 27, 29, 17, 21, 1, 26, 5, 41, 11], [4, 15, 17, 10, 9, 55, 56, 23, 57, 33, 27, 35], [1, 57, 57, 10, 39, 26, 55, 53, 51, 7, 16, 5], [1, 39, 3, 23, 45, 54, 52, 5, 57, 3, 33, 46], [24, 59, 41, 32, 21, 49, 11, 54, 31, 16, 53, 11], [32, 7, 25, 6, 29, 10, 36, 25, 13, 22, 57, 32], [52, 7, 4, 17, 41, 44, 30, 33, 51, 37, 16, 28], [55, 46, 41, 38, 46, 8, 35, 8, 7, 55, 38, 10], [37, 2, 24, 23, 38, 25, 41, 57, 43, 40, 16, 25], [56, 54, 51, 33, 58, 5, 18, 58, 23, 27, 19, 2], [4, 34, 59, 28, 2, 46, 60, 40, 53, 40, 57, 44]])
deveria ser
['quos', 'explicabo', 'enim', 'facilis', 'expedita', 'quos', 'expedita', 'quos', 'facilis', 'facilis', 'quos', 'vel', 'corrupti', 'corrupti', 'quos', 'facilis', 'facilis', 'consectetur', 'facilis', 'autem', 'explicabo']
mas deu
['quos' 'explicabo' 'enim' 'facilis' 'expedita' 'quos' 'expedita' 'quos'
 'facilis' 'facilis' 'quos' 'vel' 'corrupti' 'corrupti' 'quos' 'facilis'
 'facilis' 'consectetur' 'facilis' 'autem' 'explicabo']
Se nao entender esse erro, peça ajuda ao professor:
tester.py, 172: TypeError - only size-1 arrays can be converted to Python scalars
Teste 10 deu errado!
O resultado para
([[19, 12, 33, 19, 13, 27, 10, 15, 14, 29, 16, 12, 33, 35, 35], [22, 39, 29, 39, 37, 33, 39, 24, 28, 40, 19, 33, 18, 15, 26], [11, 26, 34, 14, 38, 39, 26, 20, 10, 23, 26, 16, 27, 37, 13], [30, 23, 39, 30, 27, 30, 28, 37, 35, 30, 39, 35, 14, 34, 26], [17, 22, 27, 33, 17, 12, 11, 26, 37, 16, 40, 31, 29, 34, 30], [23, 10, 24, 19, 10, 17, 32, 34, 15, 24, 10, 29, 20, 13, 30], [29, 25, 35, 21, 36, 28, 28, 31, 22, 28, 13, 40, 17, 26, 30], [20, 14, 23, 10, 14, 33, 13, 30, 40, 37, 35, 36, 34, 18, 30], [36, 22, 22, 30, 19, 26, 16, 17, 33, 14, 17, 34, 26, 18, 25], [25, 20, 19, 17, 19, 11, 18, 34, 22, 24, 40, 39, 22, 10, 11], [28, 22, 40, 17, 22, 33, 15, 19, 16, 23, 20, 26, 19, 11, 26], [29, 12, 37, 25, 30, 33, 34, 17, 24, 40, 14, 25, 18, 30, 20], [36, 10, 10, 22, 35, 25, 24, 30, 17, 24, 26, 13, 26, 32, 34]], ['vero', 'praesentium', 'at', 'facere', 'rerum', 'deleniti', 'itaque', 'nesciunt', 'in', 'quas', 'suscipit', 'perferendis', 'odit'], [[56, 47, 48, 60, 60, 11, 32, 16, 60, 36, 52, 31, 27, 23, 22], [39, 42, 39, 44, 25, 25, 36, 41, 32, 23, 17, 7, 42, 19, 9], [3, 15, 24, 38, 35, 33, 27, 2, 8, 4, 26, 17, 3, 35, 15], [22, 54, 14, 12, 59, 37, 44, 37, 19, 26, 54, 46, 51, 17, 30], [29, 7, 52, 34, 19, 18, 20, 58, 48, 47, 39, 60, 43, 13, 34], [53, 18, 16, 22, 11, 37, 39, 1, 25, 5, 34, 1, 37, 25, 53], [48, 45, 12, 12, 18, 10, 12, 37, 27, 31, 51, 40, 40, 11, 25], [15, 48, 43, 46, 24, 9, 46, 49, 55, 58, 45, 56, 16, 51, 51], [18, 23, 7, 3, 25, 32, 17, 39, 49, 51, 60, 53, 59, 5, 26], [16, 9, 59, 58, 5, 36, 47, 58, 52, 38, 25, 49, 25, 2, 9], [19, 49, 57, 20, 43, 30, 55, 18, 15, 14, 9, 16, 55, 3, 5], [20, 47, 2, 29, 12, 46, 54, 28, 40, 49, 1, 42, 5, 56, 20], [9, 5, 59, 2, 41, 45, 40, 34, 15, 27, 57, 46, 6, 11, 56]])
deveria ser
['praesentium', 'facere', 'at', 'praesentium', 'facere', 'vero', 'rerum', 'rerum', 'nesciunt', 'quas', 'praesentium', 'praesentium', 'suscipit']
mas deu
['praesentium' 'facere' 'at' 'praesentium' 'facere' 'vero' 'rerum' 'rerum'
 'nesciunt' 'quas' 'praesentium' 'praesentium' 'suscipit']
Se nao entender esse erro, peça ajuda ao professor:
tester.py, 172: TypeError - only size-1 arrays can be converted to Python scalars
Teste 11 deu errado!
Se nao entender esse erro, peça ajuda ao professor:
tester.py, 172: TypeError - only size-1 arrays can be converted to Python scalars
Teste 12 deu errado!
Se nao entender esse erro, peça ajuda ao professor:
tester.py, 172: TypeError - only size-1 arrays can be converted to Python scalars
Teste 13 deu errado!
Se nao entender esse erro, peça ajuda ao professor:
tester.py, 172: TypeError - only size-1 arrays can be converted to Python scalars
Teste 14 deu errado!
Se nao entender esse erro, peça ajuda ao professor:
tester.py, 172: TypeError - only size-1 arrays can be converted to Python scalars
Teste 15 deu errado!
Se nao entender esse erro, peça ajuda ao professor:
tester.py, 172: TypeError - only size-1 arrays can be converted to Python scalars
Teste 16 deu errado!
Se nao entender esse erro, peça ajuda ao professor:
tester.py, 172: TypeError - only size-1 arrays can be converted to Python scalars
Teste 17 deu errado!
Se nao entender esse erro, peça ajuda ao professor:
tester.py, 172: TypeError - only size-1 arrays can be converted to Python scalars
Teste 18 deu errado!
Se nao entender esse erro, peça ajuda ao professor:
tester.py, 172: TypeError - only size-1 arrays can be converted to Python scalars
Teste 19 deu errado!
Se nao entender esse erro, peça ajuda ao professor:
tester.py, 172: TypeError - only size-1 arrays can be converted to Python scalars
Teste 20 deu errado!
Nota exercicio 1: 0.0
Procurando exercício 2...
Procurando exercício 3...
Procurando exercício 4...
Procurando exercício 5...
Procurando exercício 6...
Procurando exercício 7...
Procurando exercício 8...
Nota total: 0.0
{"scores": {"ex1": 0.0, "ex2": 0, "ex3": 0, "ex4": 0, "ex5": 0, "ex6": 0, "ex7": 0, "ex8": 0}}
