Varificando data de envio...
PRAZO MÁXIMO: 2021-11-30T23:59:59-03:00
Testando sua solucao...
Procurando exercício 1...
Exercício 1...
Se nao entender esse erro, peça ajuda ao professor:
tester.py, 172: TypeError - only size-1 arrays can be converted to Python scalars
Teste 1 deu errado!
O resultado para
([[1, 2, 3], [11, 12, 13], [1, 14, 10], [10, 20, 10]], [0, 1, 2, 3], [[4, 5, 6], [14, 15, 16], [5, 19, 10], [1, 10, 15]])
deveria ser
[0, 1, 3, 2]
mas deu
[0 1 3 2]
Se nao entender esse erro, peça ajuda ao professor:
tester.py, 172: TypeError - only size-1 arrays can be converted to Python scalars
Teste 2 deu errado!
O resultado para
([[15, 15, 38, 35, 17, 24, 22, 37, 40, 27, 22, 31, 31, 39, 15, 25, 21, 10, 34, 29], [13, 23, 38, 25, 25, 16, 33, 37, 31, 23, 10, 22, 26, 28, 18, 15, 10, 15, 40, 17], [15, 13, 31, 31, 20, 16, 33, 31, 14, 39, 28, 31, 10, 31, 19, 19, 30, 29, 26, 35], [28, 30, 36, 17, 32, 21, 13, 28, 33, 20, 37, 31, 35, 39, 10, 32, 21, 31, 16, 14], [21, 36, 16, 22, 17, 27, 18, 22, 35, 17, 24, 26, 12, 14, 15, 21, 27, 22, 14, 19], [40, 33, 20, 40, 32, 17, 40, 21, 26, 32, 27, 27, 38, 28, 29, 24, 12, 19, 12, 39], [37, 19, 25, 24, 15, 11, 29, 11, 20, 15, 12, 27, 21, 28, 36, 31, 13, 15, 23, 33], [19, 34, 38, 11, 24, 31, 21, 17, 15, 16, 26, 39, 29, 10, 40, 39, 22, 10, 26, 36], [11, 30, 39, 40, 18, 20, 36, 40, 20, 34, 23, 40, 13, 17, 39, 14, 32, 31, 13, 16], [35, 15, 33, 30, 35, 17, 15, 22, 31, 30, 33, 33, 27, 29, 16, 14, 18, 40, 20, 24], [23, 31, 37, 37, 18, 21, 24, 39, 20, 26, 15, 33, 17, 23, 17, 37, 10, 24, 13, 30], [21, 40, 20, 37, 20, 15, 24, 33, 17, 30, 31, 11, 18, 15, 14, 29, 34, 36, 22, 26], [37, 33, 10, 39, 33, 37, 34, 17, 23, 31, 25, 37, 39, 11, 21, 14, 13, 35, 16, 31], [28, 32, 35, 21, 10, 31, 31, 25, 20, 31, 23, 18, 10, 38, 19, 15, 22, 37, 23, 32], [21, 24, 28, 15, 33, 29, 38, 37, 29, 22, 40, 32, 15, 23, 20, 24, 18, 35, 18, 17], [37, 32, 33, 32, 28, 12, 16, 14, 13, 21, 18, 14, 31, 18, 18, 29, 30, 18, 29, 32], [24, 18, 20, 23, 14, 30, 10, 18, 32, 37, 28, 30, 33, 26, 22, 17, 10, 21, 29, 35], [11, 31, 40, 20, 17, 16, 21, 25, 31, 13, 23, 25, 19, 38, 31, 23, 19, 18, 29, 40], [28, 33, 32, 27, 33, 25, 10, 39, 27, 24, 21, 15, 15, 12, 27, 18, 37, 37, 39, 16], [24, 12, 27, 10, 14, 25, 38, 22, 10, 11, 11, 34, 17, 40, 35, 20, 28, 21, 21, 29], [21, 17, 12, 12, 28, 13, 17, 33, 34, 18, 35, 22, 22, 22, 12, 19, 10, 36, 11, 39], [21, 13, 23, 33, 38, 38, 15, 20, 14, 40, 11, 28, 23, 10, 37, 12, 38, 40, 24, 29], [27, 20, 30, 13, 27, 38, 33, 16, 10, 29, 20, 35, 34, 26, 15, 12, 12, 15, 32, 22], [33, 36, 23, 11, 27, 14, 16, 20, 40, 37, 25, 20, 32, 10, 23, 17, 31, 26, 25, 10], [17, 36, 29, 14, 14, 35, 21, 33, 18, 31, 27, 35, 30, 39, 38, 22, 18, 14, 14, 20], [12, 15, 20, 18, 40, 10, 18, 29, 34, 16, 10, 23, 18, 26, 13, 40, 10, 33, 19, 21], [31, 14, 30, 16, 21, 35, 15, 39, 21, 13, 40, 31, 14, 35, 27, 29, 16, 33, 40, 38], [26, 25, 11, 36, 24, 17, 20, 11, 10, 26, 27, 34, 22, 34, 37, 28, 22, 36, 34, 14], [29, 28, 38, 24, 16, 18, 11, 24, 16, 14, 31, 33, 36, 24, 13, 23, 38, 18, 40, 25], [29, 36, 39, 27, 36, 28, 18, 12, 23, 22, 19, 32, 40, 15, 40, 14, 35, 14, 16, 39], [19, 26, 20, 12, 17, 33, 35, 25, 21, 39, 18, 39, 15, 35, 16, 11, 15, 32, 28, 17], [30, 27, 40, 34, 38, 28, 13, 35, 19, 13, 28, 31, 24, 17, 24, 18, 24, 34, 32, 14], [34, 27, 19, 18, 19, 38, 22, 31, 40, 31, 40, 15, 23, 15, 14, 18, 35, 15, 15, 26], [22, 30, 20, 15, 24, 19, 12, 26, 36, 24, 25, 10, 19, 32, 10, 36, 16, 36, 35, 39], [32, 13, 17, 36, 30, 31, 17, 39, 13, 29, 37, 13, 15, 13, 25, 10, 29, 18, 30, 40], [20, 28, 33, 22, 18, 11, 18, 15, 16, 26, 33, 16, 23, 39, 28, 39, 16, 17, 21, 26], [36, 23, 39, 32, 27, 31, 14, 19, 29, 31, 20, 25, 36, 22, 10, 28, 12, 26, 11, 29], [21, 22, 21, 25, 17, 18, 40, 33, 37, 20, 16, 19, 38, 34, 31, 33, 12, 39, 27, 20], [36, 26, 39, 30, 14, 28, 31, 30, 26, 13, 10, 37, 26, 18, 17, 35, 24, 11, 16, 24], [24, 37, 37, 22, 16, 40, 11, 26, 34, 36, 28, 12, 15, 22, 14, 32, 30, 28, 29, 40], [20, 29, 11, 36, 16, 39, 24, 23, 19, 13, 30, 37, 14, 15, 13, 12, 31, 28, 17, 14], [19, 38, 12, 11, 31, 31, 39, 39, 37, 32, 37, 11, 29, 23, 19, 11, 17, 38, 18, 29], [27, 11, 38, 10, 12, 29, 19, 37, 16, 17, 23, 32, 19, 24, 14, 36, 24, 10, 39, 36], [40, 25, 13, 25, 11, 17, 30, 26, 13, 29, 15, 33, 34, 38, 10, 19, 40, 12, 26, 29], [27, 14, 39, 27, 19, 12, 12, 35, 10, 40, 29, 37, 23, 17, 19, 13, 30, 28, 15, 14], [39, 23, 13, 28, 20, 28, 11, 11, 34, 10, 38, 38, 25, 18, 33, 20, 18, 32, 34, 28], [17, 31, 38, 38, 15, 23, 16, 28, 35, 11, 34, 27, 22, 15, 38, 22, 16, 18, 39, 14], [25, 37, 14, 26, 39, 33, 14, 20, 17, 10, 12, 22, 36, 15, 20, 12, 25, 25, 25, 15], [32, 34, 40, 22, 36, 26, 21, 34, 12, 17, 25, 21, 32, 17, 18, 22, 15, 19, 15, 11], [13, 13, 22, 15, 10, 36, 13, 15, 16, 38, 26, 29, 40, 20, 27, 16, 34, 21, 14, 21], [31, 33, 38, 35, 28, 11, 20, 23, 39, 38, 24, 15, 29, 25, 31, 10, 29, 24, 12, 29], [38, 20, 32, 39, 19, 40, 20, 21, 15, 28, 14, 11, 27, 27, 38, 25, 29, 19, 14, 14], [19, 23, 24, 34, 13, 20, 31, 36, 11, 32, 27, 24, 19, 18, 15, 28, 33, 26, 35, 15], [15, 36, 39, 29, 31, 27, 38, 40, 17, 28, 10, 24, 34, 30, 22, 37, 11, 18, 33, 11], [30, 36, 16, 10, 22, 14, 19, 30, 34, 13, 24, 14, 19, 36, 32, 35, 38, 36, 15, 36], [22, 19, 40, 36, 13, 22, 32, 17, 11, 18, 29, 34, 14, 25, 35, 32, 27, 21, 12, 22], [40, 31, 12, 33, 36, 18, 31, 12, 17, 31, 27, 33, 10, 11, 24, 29, 15, 36, 27, 25], [17, 13, 34, 17, 29, 27, 23, 21, 40, 37, 40, 22, 13, 30, 24, 22, 37, 21, 23, 12]], ['repellat', 'porro', 'fugit', 'enim', 'reprehenderit', 'tempore', 'aliquid', 'laboriosam', 'eveniet', 'hic', 'vero', 'eius', 'quaerat', 'vel', 'minima', 'sint', 'culpa', 'nostrum', 'qui', 'quo', 'eveniet', 'aliquid', 'provident', 'labore', 'ad', 'distinctio', 'iste', 'qui', 'deleniti', 'magnam', 'dolore', 'iste', 'possimus', 'culpa', 'quod', 'ipsum', 'maxime', 'cum', 'vero', 'itaque', 'autem', 'ducimus', 'quis', 'consequuntur', 'odit', 'id', 'libero', 'molestiae', 'pariatur', 'sapiente', 'nemo', 'aspernatur', 'deleniti', 'non', 'eaque', 'ad', 'quod', 'nam'], [[38, 16, 43, 39, 37, 20, 38, 37, 27, 15, 60, 42, 59, 32, 2, 16, 47, 11, 12, 20], [27, 3, 54, 48, 5, 23, 42, 22, 4, 34, 18, 2, 2, 51, 1, 9, 49, 11, 46, 46], [37, 20, 57, 18, 13, 47, 52, 51, 9, 22, 44, 15, 3, 11, 47, 17, 48, 57, 49, 5], [2, 55, 4, 20, 46, 38, 37, 50, 8, 19, 36, 24, 28, 39, 8, 8, 36, 37, 53, 38], [3, 20, 6, 12, 58, 39, 60, 20, 43, 25, 36, 12, 22, 24, 53, 8, 35, 15, 9, 58], [30, 37, 50, 29, 33, 1, 23, 5, 14, 10, 20, 2, 39, 56, 58, 38, 44, 33, 43, 8], [16, 38, 54, 21, 22, 24, 20, 2, 26, 50, 14, 30, 41, 57, 50, 3, 51, 54, 28, 11], [27, 28, 34, 13, 2, 28, 41, 5, 37, 59, 14, 1, 16, 25, 51, 5, 21, 59, 7, 20], [5, 36, 49, 29, 36, 20, 20, 16, 44, 41, 9, 14, 58, 13, 54, 28, 23, 19, 29, 33], [56, 25, 31, 10, 3, 34, 60, 29, 23, 44, 38, 3, 13, 25, 19, 46, 16, 16, 5, 50], [30, 3, 43, 17, 33, 13, 23, 54, 54, 49, 51, 17, 35, 45, 16, 31, 60, 37, 36, 23], [47, 12, 2, 32, 7, 57, 31, 40, 20, 58, 35, 58, 1, 13, 36, 18, 59, 43, 49, 59], [8, 7, 15, 15, 54, 26, 59, 15, 41, 13, 7, 35, 15, 29, 14, 28, 16, 50, 3, 6], [31, 57, 2, 25, 51, 54, 27, 33, 15, 1, 23, 54, 52, 16, 7, 54, 49, 40, 12, 53], [4, 35, 4, 15, 48, 34, 16, 51, 43, 12, 29, 57, 10, 30, 13, 43, 29, 5, 6, 58], [47, 21, 1, 37, 37, 2, 41, 56, 34, 7, 42, 18, 12, 23, 20, 30, 36, 46, 15, 59], [4, 56, 54, 23, 13, 2, 25, 1, 3, 7, 11, 38, 55, 20, 38, 29, 29, 9, 45, 40], [11, 18, 20, 11, 1, 43, 51, 30, 28, 6, 20, 4, 17, 49, 54, 12, 46, 45, 60, 47], [39, 42, 20, 41, 47, 9, 7, 53, 6, 8, 45, 56, 8, 30, 34, 39, 25, 37, 54, 3], [55, 58, 12, 25, 18, 51, 2, 19, 22, 59, 43, 14, 22, 7, 23, 4, 57, 42, 25, 37], [54, 30, 18, 13, 33, 2, 16, 7, 42, 50, 44, 14, 60, 23, 59, 16, 46, 57, 52, 6], [16, 40, 54, 53, 55, 20, 17, 42, 45, 46, 18, 28, 7, 34, 44, 35, 6, 50, 32, 45], [15, 11, 25, 12, 36, 7, 28, 44, 24, 8, 30, 50, 26, 43, 51, 19, 55, 2, 7, 5], [35, 33, 59, 51, 34, 9, 33, 47, 54, 29, 14, 25, 30, 15, 5, 6, 55, 23, 39, 43], [1, 20, 60, 44, 2, 1, 58, 34, 53, 36, 44, 22, 54, 29, 5, 44, 11, 29, 54, 54], [16, 59, 47, 22, 52, 22, 13, 33, 23, 56, 9, 37, 12, 45, 54, 45, 20, 32, 21, 44], [44, 44, 40, 38, 24, 15, 46, 49, 12, 26, 33, 16, 34, 24, 55, 18, 30, 49, 4, 14], [37, 53, 40, 9, 46, 31, 36, 30, 21, 12, 22, 2, 34, 19, 24, 23, 16, 32, 34, 58], [18, 16, 3, 43, 33, 18, 2, 42, 52, 17, 13, 10, 26, 22, 37, 60, 19, 18, 45, 26], [51, 22, 39, 51, 16, 41, 1, 4, 1, 31, 24, 18, 50, 50, 38, 24, 18, 11, 27, 58], [35, 47, 55, 59, 15, 59, 37, 20, 10, 30, 51, 48, 32, 39, 26, 1, 29, 20, 30, 44], [44, 3, 58, 43, 22, 41, 4, 37, 48, 22, 7, 60, 29, 52, 4, 45, 9, 37, 14, 7], [9, 39, 9, 5, 52, 27, 11, 25, 4, 49, 23, 15, 53, 36, 24, 26, 49, 33, 3, 33], [47, 31, 19, 36, 34, 56, 43, 20, 41, 3, 16, 58, 26, 41, 51, 41, 20, 7, 35, 28], [19, 14, 59, 55, 22, 43, 21, 8, 47, 54, 4, 14, 38, 1, 25, 39, 49, 47, 35, 11], [11, 17, 37, 60, 48, 48, 31, 53, 36, 53, 25, 25, 53, 32, 8, 10, 12, 50, 39, 57], [50, 9, 3, 23, 8, 2, 16, 18, 55, 24, 21, 10, 4, 13, 33, 7, 36, 39, 5, 5], [60, 37, 41, 29, 41, 53, 51, 16, 25, 10, 11, 23, 40, 9, 53, 41, 5, 18, 26, 34], [35, 16, 24, 21, 57, 40, 14, 45, 16, 37, 7, 32, 36, 18, 8, 47, 32, 23, 39, 25], [18, 49, 18, 5, 19, 11, 21, 9, 55, 40, 49, 45, 30, 24, 58, 47, 41, 56, 30, 21], [7, 36, 54, 54, 23, 17, 57, 17, 7, 18, 50, 13, 3, 13, 37, 51, 46, 43, 23, 29], [43, 33, 57, 39, 42, 47, 18, 51, 54, 55, 60, 33, 38, 17, 54, 23, 35, 1, 19, 10], [6, 38, 46, 20, 24, 26, 29, 60, 4, 28, 2, 46, 15, 59, 7, 38, 1, 21, 27, 58], [50, 1, 53, 15, 3, 10, 9, 40, 27, 59, 59, 3, 2, 47, 47, 38, 60, 18, 20, 47], [50, 50, 34, 18, 58, 1, 40, 43, 32, 59, 55, 8, 2, 27, 11, 6, 47, 10, 59, 9], [27, 32, 25, 51, 34, 46, 8, 11, 5, 17, 9, 39, 37, 34, 7, 12, 38, 53, 13, 44], [2, 8, 28, 36, 50, 42, 36, 36, 18, 31, 48, 39, 37, 25, 41, 35, 15, 4, 8, 47], [1, 9, 4, 41, 32, 52, 31, 27, 41, 6, 3, 20, 56, 34, 12, 39, 8, 55, 4, 51], [27, 51, 8, 49, 9, 37, 14, 58, 5, 10, 39, 43, 60, 8, 54, 57, 58, 30, 11, 51], [20, 23, 33, 12, 18, 19, 36, 4, 3, 16, 30, 42, 27, 44, 59, 36, 51, 20, 2, 22], [10, 7, 44, 60, 35, 16, 45, 24, 23, 60, 35, 34, 23, 24, 17, 18, 11, 32, 29, 7], [38, 1, 59, 9, 7, 4, 41, 23, 60, 4, 23, 20, 19, 5, 7, 50, 1, 54, 7, 25], [38, 14, 16, 13, 47, 42, 20, 57, 19, 16, 25, 15, 15, 12, 24, 53, 32, 49, 37, 34], [28, 8, 14, 12, 20, 7, 29, 17, 3, 47, 46, 13, 47, 38, 17, 59, 53, 32, 57, 12], [6, 55, 18, 14, 36, 25, 3, 42, 47, 17, 59, 43, 10, 36, 48, 17, 59, 22, 13, 55], [56, 8, 5, 9, 60, 16, 12, 11, 37, 7, 35, 16, 56, 42, 50, 21, 50, 6, 40, 39], [20, 17, 57, 23, 20, 40, 29, 2, 46, 21, 40, 40, 2, 26, 11, 48, 26, 35, 41, 18], [57, 13, 23, 10, 24, 32, 44, 1, 33, 56, 16, 1, 30, 21, 4, 15, 24, 50, 60, 48]])
deveria ser
['eveniet', 'vel', 'qui', 'deleniti', 'eveniet', 'magnam', 'dolore', 'vel', 'aliquid', 'vero', 'consequuntur', 'dolore', 'eveniet', 'molestiae', 'eveniet', 'quod', 'aliquid', 'vel', 'qui', 'itaque', 'qui', 'aliquid', 'eveniet', 'nemo', 'deleniti', 'aliquid', 'eius', 'iste', 'culpa', 'itaque', 'itaque', 'vero', 'eveniet', 'repellat', 'aliquid', 'deleniti', 'quod', 'molestiae', 'distinctio', 'distinctio', 'eveniet', 'magnam', 'nostrum', 'itaque', 'consequuntur', 'aliquid', 'eveniet', 'eveniet', 'eveniet', 'quo', 'nostrum', 'vero', 'quod', 'deleniti', 'eveniet', 'id', 'deleniti', 'culpa']
mas deu
['eveniet' 'vel' 'qui' 'deleniti' 'eveniet' 'magnam' 'dolore' 'vel'
 'aliquid' 'vero' 'consequuntur' 'dolore' 'eveniet' 'molestiae' 'eveniet'
 'quod' 'aliquid' 'vel' 'qui' 'itaque' 'qui' 'aliquid' 'eveniet' 'nemo'
 'deleniti' 'aliquid' 'eius' 'iste' 'culpa' 'itaque' 'itaque' 'vero'
 'eveniet' 'repellat' 'aliquid' 'deleniti' 'quod' 'molestiae' 'distinctio'
 'distinctio' 'eveniet' 'magnam' 'nostrum' 'itaque' 'consequuntur'
 'aliquid' 'eveniet' 'eveniet' 'eveniet' 'quo' 'nostrum' 'vero' 'quod'
 'deleniti' 'eveniet' 'id' 'deleniti' 'culpa']
Se nao entender esse erro, peça ajuda ao professor:
tester.py, 172: TypeError - only size-1 arrays can be converted to Python scalars
Teste 3 deu errado!
O resultado para
([[37, 28, 16, 38, 30, 39, 16, 21, 33, 29, 36, 28, 25, 28], [27, 14, 16, 39, 10, 22, 17, 13, 19, 40, 38, 31, 15, 18], [29, 31, 14, 17, 10, 38, 22, 15, 26, 14, 25, 22, 27, 33], [34, 32, 14, 26, 29, 30, 32, 36, 17, 28, 10, 27, 17, 10], [37, 10, 10, 19, 10, 28, 14, 17, 27, 17, 15, 31, 12, 22], [19, 16, 12, 10, 16, 10, 33, 13, 33, 29, 37, 38, 15, 27], [32, 37, 30, 17, 40, 16, 32, 19, 13, 36, 32, 19, 26, 37], [28, 10, 34, 11, 37, 33, 15, 14, 34, 35, 40, 35, 14, 23], [17, 23, 32, 12, 25, 19, 11, 14, 20, 40, 35, 21, 17, 32], [21, 15, 11, 22, 16, 10, 37, 21, 23, 25, 12, 37, 11, 22], [29, 32, 27, 34, 28, 12, 17, 31, 17, 39, 15, 30, 30, 15], [34, 12, 20, 19, 21, 14, 17, 20, 12, 13, 12, 38, 12, 18], [28, 19, 10, 10, 15, 29, 34, 37, 35, 19, 30, 40, 36, 30], [33, 23, 15, 19, 29, 18, 12, 37, 26, 16, 11, 30, 22, 35], [21, 16, 14, 32, 39, 27, 31, 33, 14, 25, 30, 31, 15, 29], [38, 33, 32, 37, 34, 36, 25, 23, 14, 26, 27, 32, 24, 19], [24, 18, 39, 10, 25, 20, 26, 20, 16, 15, 19, 29, 19, 40], [16, 35, 19, 20, 37, 10, 23, 22, 13, 15, 29, 31, 14, 35], [38, 31, 21, 23, 32, 33, 29, 24, 35, 19, 24, 19, 14, 39], [36, 12, 25, 16, 14, 20, 23, 35, 28, 12, 29, 14, 16, 33], [24, 11, 20, 34, 33, 26, 34, 23, 30, 21, 33, 35, 35, 28], [37, 17, 15, 34, 37, 24, 35, 23, 33, 26, 22, 19, 18, 13], [34, 16, 36, 24, 31, 26, 31, 22, 10, 33, 14, 34, 24, 29], [32, 23, 16, 23, 33, 18, 13, 18, 35, 15, 16, 19, 38, 38], [16, 28, 28, 22, 21, 31, 36, 20, 16, 28, 21, 31, 12, 13], [20, 39, 37, 26, 38, 18, 15, 23, 25, 17, 40, 23, 34, 19], [15, 34, 36, 11, 10, 11, 25, 16, 19, 39, 32, 12, 32, 38], [39, 37, 25, 35, 20, 33, 23, 18, 18, 20, 25, 13, 16, 32], [40, 33, 13, 11, 27, 14, 26, 14, 39, 31, 11, 31, 29, 23], [20, 36, 27, 15, 33, 32, 29, 16, 20, 25, 29, 38, 14, 27], [19, 29, 36, 16, 16, 25, 29, 23, 23, 30, 19, 22, 29, 35], [33, 32, 19, 16, 14, 19, 29, 25, 23, 40, 14, 12, 33, 23], [21, 16, 22, 16, 14, 36, 28, 10, 25, 27, 18, 23, 35, 39], [30, 23, 34, 33, 12, 23, 18, 33, 13, 23, 21, 16, 11, 27], [10, 29, 26, 15, 21, 23, 39, 15, 40, 10, 34, 15, 13, 25], [16, 22, 17, 11, 27, 22, 37, 17, 17, 30, 18, 18, 40, 36], [32, 35, 24, 39, 36, 33, 33, 38, 21, 34, 20, 39, 17, 11], [25, 34, 15, 15, 28, 14, 28, 10, 25, 11, 22, 27, 12, 30], [29, 13, 21, 30, 24, 12, 12, 40, 32, 16, 29, 39, 20, 35], [35, 35, 34, 10, 15, 20, 24, 25, 24, 33, 11, 15, 12, 25], [36, 26, 18, 16, 26, 15, 21, 31, 21, 24, 17, 35, 19, 13], [22, 21, 13, 17, 37, 37, 20, 35, 40, 39, 38, 22, 40, 19], [37, 22, 29, 24, 33, 23, 39, 15, 13, 37, 15, 30, 27, 31], [24, 20, 27, 32, 34, 11, 25, 12, 28, 32, 12, 38, 20, 19], [19, 38, 39, 14, 10, 21, 21, 26, 40, 21, 17, 10, 23, 26], [26, 27, 11, 24, 31, 17, 36, 11, 23, 21, 15, 24, 29, 36], [40, 22, 23, 21, 27, 27, 10, 19, 13, 16, 19, 16, 27, 35], [16, 19, 34, 10, 39, 16, 38, 31, 13, 29, 26, 35, 23, 17], [18, 10, 16, 37, 12, 16, 35, 22, 19, 40, 30, 20, 12, 33], [39, 37, 22, 26, 36, 37, 28, 30, 11, 33, 24, 30, 19, 18], [29, 22, 13, 29, 33, 31, 22, 24, 21, 33, 24, 37, 34, 12], [38, 15, 16, 36, 19, 40, 37, 40, 14, 15, 25, 22, 19, 13], [29, 13, 21, 13, 16, 16, 15, 32, 38, 16, 28, 35, 16, 25], [12, 16, 23, 33, 25, 34, 11, 10, 37, 17, 35, 36, 10, 27], [29, 15, 27, 19, 30, 15, 18, 12, 10, 33, 28, 28, 28, 37]], ['velit', 'libero', 'animi', 'esse', 'impedit', 'voluptatibus', 'ut', 'perferendis', 'quam', 'inventore', 'nesciunt', 'laboriosam', 'expedita', 'voluptate', 'hic', 'aut', 'dicta', 'eum', 'minus', 'autem', 'illo', 'cumque', 'id', 'dolores', 'dolor', 'labore', 'rerum', 'totam', 'perferendis', 'perferendis', 'aspernatur', 'incidunt', 'eius', 'expedita', 'animi', 'est', 'sit', 'quisquam', 'aliquam', 'ut', 'labore', 'id', 'quidem', 'inventore', 'delectus', 'itaque', 'ipsum', 'quos', 'incidunt', 'pariatur', 'sequi', 'eum', 'culpa', 'odit', 'dicta'], [[53, 14, 59, 38, 10, 32, 59, 34, 5, 20, 18, 27, 35, 45], [29, 8, 60, 43, 4, 25, 2, 51, 8, 3, 23, 50, 28, 46], [54, 20, 11, 47, 60, 8, 12, 55, 27, 1, 10, 27, 53, 31], [38, 36, 26, 50, 10, 59, 40, 54, 25, 37, 27, 32, 32, 29], [43, 14, 46, 37, 6, 17, 5, 59, 5, 1, 48, 15, 35, 38], [21, 35, 17, 33, 57, 17, 3, 21, 47, 4, 7, 50, 23, 54], [20, 34, 50, 14, 3, 39, 26, 46, 10, 11, 60, 46, 59, 5], [38, 8, 44, 40, 7, 19, 40, 58, 27, 44, 48, 3, 17, 29], [47, 51, 16, 9, 48, 32, 35, 30, 29, 59, 40, 56, 38, 51], [10, 3, 18, 46, 15, 25, 8, 11, 40, 47, 32, 52, 1, 18], [13, 45, 14, 18, 32, 14, 43, 52, 35, 5, 11, 7, 3, 57], [14, 47, 60, 24, 25, 40, 53, 1, 52, 25, 15, 18, 49, 59], [5, 6, 32, 55, 31, 60, 30, 16, 14, 33, 37, 56, 16, 16], [30, 21, 19, 36, 58, 40, 2, 33, 56, 41, 28, 45, 41, 41], [17, 55, 52, 41, 17, 30, 12, 39, 9, 8, 43, 60, 55, 19], [36, 35, 55, 46, 18, 15, 6, 23, 51, 6, 50, 28, 59, 8], [57, 30, 37, 27, 42, 20, 56, 20, 56, 15, 53, 30, 60, 27], [59, 13, 2, 1, 44, 37, 13, 26, 33, 14, 33, 32, 11, 45], [44, 1, 15, 32, 38, 16, 49, 25, 40, 35, 46, 53, 18, 48], [18, 59, 4, 5, 36, 40, 6, 19, 34, 12, 46, 13, 42, 4], [18, 20, 11, 57, 20, 28, 23, 48, 37, 60, 19, 2, 13, 52], [38, 54, 48, 36, 36, 4, 58, 42, 54, 1, 49, 29, 57, 4], [32, 49, 23, 20, 46, 34, 50, 14, 4, 29, 45, 59, 21, 24], [35, 10, 59, 54, 3, 9, 12, 41, 15, 34, 13, 5, 5, 51], [19, 39, 16, 51, 57, 44, 23, 34, 39, 13, 49, 28, 47, 42], [13, 23, 37, 28, 34, 33, 49, 30, 53, 42, 8, 8, 35, 54], [2, 18, 20, 58, 52, 10, 9, 16, 44, 60, 29, 49, 11, 15], [28, 36, 60, 54, 17, 32, 15, 11, 1, 20, 46, 59, 26, 47], [49, 14, 19, 13, 31, 14, 47, 43, 50, 24, 6, 30, 9, 36], [33, 5, 37, 30, 55, 14, 40, 36, 28, 45, 8, 39, 19, 21], [53, 30, 54, 30, 26, 40, 14, 23, 20, 39, 25, 14, 46, 4], [37, 33, 20, 10, 11, 45, 43, 55, 12, 49, 19, 9, 21, 26], [10, 51, 54, 40, 9, 10, 23, 14, 1, 11, 42, 45, 20, 29], [47, 21, 30, 45, 12, 18, 55, 49, 35, 37, 24, 36, 46, 32], [9, 35, 6, 9, 10, 26, 37, 27, 31, 33, 29, 12, 28, 34], [56, 56, 17, 1, 9, 25, 48, 21, 49, 60, 40, 9, 10, 12], [7, 59, 47, 53, 30, 5, 55, 4, 24, 34, 12, 17, 25, 33], [19, 48, 51, 45, 15, 55, 49, 52, 48, 16, 27, 58, 46, 20], [41, 19, 35, 36, 39, 47, 19, 5, 50, 50, 21, 51, 29, 24], [16, 36, 13, 20, 43, 31, 45, 41, 25, 49, 36, 52, 25, 23], [45, 19, 21, 33, 60, 51, 56, 6, 39, 29, 13, 5, 48, 47], [40, 23, 5, 34, 30, 27, 7, 42, 30, 49, 39, 55, 8, 19], [51, 39, 27, 39, 2, 2, 2, 52, 13, 26, 31, 53, 14, 43], [5, 3, 48, 40, 16, 37, 18, 45, 25, 15, 59, 26, 48, 12], [13, 45, 53, 44, 43, 1, 35, 17, 29, 31, 48, 58, 39, 12], [22, 32, 27, 18, 59, 59, 32, 23, 27, 31, 45, 18, 12, 34], [26, 55, 36, 1, 2, 51, 17, 5, 55, 16, 39, 4, 24, 46], [2, 47, 26, 20, 3, 49, 44, 51, 16, 1, 11, 30, 42, 58], [20, 45, 40, 17, 39, 11, 45, 39, 51, 53, 25, 27, 25, 42], [49, 27, 55, 7, 30, 6, 5, 60, 23, 20, 41, 30, 37, 46], [19, 59, 37, 21, 57, 11, 58, 30, 7, 20, 36, 52, 39, 46], [31, 7, 52, 27, 7, 42, 47, 37, 7, 50, 34, 42, 25, 21], [20, 8, 23, 42, 38, 32, 25, 45, 53, 46, 34, 50, 56, 32], [25, 58, 52, 35, 54, 23, 44, 35, 26, 57, 8, 6, 24, 54], [3, 40, 32, 21, 2, 12, 55, 51, 58, 45, 54, 34, 19, 42]])
deveria ser
['dicta', 'dicta', 'eum', 'eum', 'dicta', 'dolores', 'id', 'incidunt', 'perferendis', 'libero', 'quisquam', 'delectus', 'perferendis', 'id', 'dicta', 'labore', 'id', 'perferendis', 'perferendis', 'animi', 'incidunt', 'eum', 'perferendis', 'dicta', 'dolores', 'incidunt', 'libero', 'dicta', 'perferendis', 'incidunt', 'incidunt', 'incidunt', 'dicta', 'expedita', 'ut', 'incidunt', 'inventore', 'delectus', 'perferendis', 'sit', 'eius', 'odit', 'dicta', 'eum', 'inventore', 'ut', 'delectus', 'eum', 'delectus', 'ipsum', 'dicta', 'id', 'id', 'ut', 'eum']
mas deu
['dicta' 'dicta' 'eum' 'eum' 'dicta' 'dolores' 'id' 'incidunt'
 'perferendis' 'libero' 'quisquam' 'delectus' 'perferendis' 'id' 'dicta'
 'labore' 'id' 'perferendis' 'perferendis' 'animi' 'incidunt' 'eum'
 'perferendis' 'dicta' 'dolores' 'incidunt' 'libero' 'dicta' 'perferendis'
 'incidunt' 'incidunt' 'incidunt' 'dicta' 'expedita' 'ut' 'incidunt'
 'inventore' 'delectus' 'perferendis' 'sit' 'eius' 'odit' 'dicta' 'eum'
 'inventore' 'ut' 'delectus' 'eum' 'delectus' 'ipsum' 'dicta' 'id' 'id'
 'ut' 'eum']
Se nao entender esse erro, peça ajuda ao professor:
tester.py, 172: TypeError - only size-1 arrays can be converted to Python scalars
Teste 4 deu errado!
O resultado para
([[34, 25, 17, 39, 15, 40, 22, 23, 34, 28, 22, 26], [16, 23, 40, 29, 18, 26, 39, 34, 12, 14, 21, 14], [12, 31, 35, 38, 26, 20, 18, 35, 18, 15, 29, 19], [11, 17, 13, 31, 24, 17, 22, 33, 17, 32, 16, 25], [13, 21, 27, 29, 37, 18, 30, 12, 15, 27, 21, 20], [10, 35, 38, 12, 13, 25, 23, 23, 11, 21, 22, 36], [18, 39, 37, 37, 27, 25, 33, 29, 25, 31, 22, 29], [26, 15, 39, 24, 23, 40, 33, 13, 32, 21, 38, 37], [32, 20, 20, 16, 28, 18, 18, 21, 19, 27, 40, 11], [36, 40, 24, 11, 38, 25, 27, 22, 15, 34, 32, 12], [18, 37, 27, 30, 16, 40, 13, 20, 29, 22, 36, 16], [31, 32, 31, 29, 25, 40, 29, 38, 24, 17, 36, 21], [36, 32, 34, 11, 12, 10, 25, 10, 40, 20, 15, 22], [33, 40, 32, 23, 40, 37, 11, 12, 19, 32, 30, 18], [29, 38, 36, 31, 15, 37, 35, 25, 21, 33, 40, 18], [23, 25, 16, 37, 19, 21, 10, 10, 16, 28, 34, 34], [40, 33, 14, 24, 24, 18, 28, 34, 31, 19, 27, 19], [33, 31, 30, 14, 22, 18, 30, 14, 13, 14, 34, 34], [24, 32, 36, 38, 35, 12, 15, 22, 10, 19, 19, 25], [28, 15, 26, 17, 34, 18, 38, 11, 23, 30, 21, 35], [30, 35, 36, 34, 40, 39, 11, 18, 37, 17, 35, 35], [31, 29, 37, 22, 30, 26, 12, 36, 22, 11, 37, 15], [40, 38, 10, 17, 26, 24, 27, 30, 27, 17, 24, 37], [19, 19, 36, 35, 27, 24, 25, 22, 39, 13, 33, 33], [30, 34, 38, 28, 22, 39, 15, 18, 34, 38, 26, 25], [30, 35, 17, 17, 20, 28, 10, 30, 19, 19, 39, 38], [36, 12, 23, 36, 10, 27, 30, 20, 25, 20, 36, 24], [34, 37, 32, 22, 27, 14, 38, 20, 27, 12, 16, 28], [36, 31, 13, 22, 26, 18, 32, 25, 33, 23, 40, 38], [12, 40, 38, 21, 29, 25, 22, 19, 30, 13, 33, 16], [36, 32, 22, 12, 18, 33, 34, 11, 23, 19, 26, 23], [29, 32, 37, 14, 39, 31, 31, 14, 31, 20, 26, 26], [40, 31, 29, 24, 29, 34, 22, 12, 24, 18, 38, 36], [15, 33, 16, 18, 26, 23, 19, 31, 12, 21, 14, 19], [26, 33, 20, 10, 28, 22, 22, 28, 15, 25, 23, 23]], ['voluptatem', 'culpa', 'labore', 'consequatur', 'odit', 'officia', 'quam', 'expedita', 'fugiat', 'neque', 'sint', 'ad', 'facilis', 'ad', 'impedit', 'voluptatem', 'itaque', 'perferendis', 'nobis', 'nam', 'tenetur', 'tempore', 'eum', 'molestiae', 'quis', 'a', 'incidunt', 'nihil', 'sequi', 'laborum', 'corrupti', 'hic', 'officiis', 'necessitatibus', 'vitae'], [[10, 29, 41, 38, 42, 26, 24, 33, 10, 43, 38, 26], [55, 18, 5, 38, 19, 60, 34, 12, 21, 31, 33, 5], [21, 8, 45, 43, 25, 4, 3, 58, 6, 3, 39, 36], [52, 6, 32, 22, 21, 59, 26, 30, 28, 37, 6, 23], [38, 23, 40, 56, 49, 8, 29, 31, 1, 34, 52, 46], [45, 19, 8, 34, 45, 24, 46, 60, 1, 60, 44, 40], [21, 48, 43, 44, 12, 44, 4, 14, 6, 28, 3, 27], [52, 6, 5, 60, 34, 16, 7, 32, 35, 25, 30, 20], [41, 57, 35, 56, 28, 48, 8, 25, 29, 45, 35, 28], [17, 59, 28, 44, 47, 6, 51, 7, 33, 19, 20, 30], [47, 5, 6, 11, 3, 48, 7, 58, 52, 31, 29, 38], [49, 12, 24, 31, 31, 16, 2, 50, 24, 56, 49, 46], [25, 45, 37, 52, 9, 42, 22, 41, 19, 35, 21, 36], [44, 59, 59, 14, 60, 7, 8, 50, 36, 36, 59, 58], [36, 3, 5, 56, 52, 8, 10, 54, 9, 23, 25, 51], [38, 58, 10, 58, 42, 59, 60, 47, 14, 44, 45, 10], [9, 58, 16, 43, 22, 20, 58, 35, 3, 54, 17, 18], [31, 53, 33, 60, 49, 7, 51, 28, 53, 2, 51, 47], [18, 36, 57, 18, 1, 41, 26, 33, 26, 38, 18, 7], [37, 45, 6, 12, 5, 25, 9, 32, 29, 28, 23, 55], [31, 28, 53, 60, 53, 14, 3, 48, 14, 45, 19, 32], [24, 45, 48, 8, 39, 7, 35, 57, 26, 55, 34, 52], [44, 22, 25, 6, 57, 39, 24, 56, 54, 27, 1, 4], [31, 14, 50, 33, 56, 55, 60, 33, 9, 31, 57, 21], [50, 23, 10, 46, 25, 49, 40, 5, 44, 56, 1, 57], [57, 57, 57, 45, 33, 16, 46, 41, 8, 34, 21, 22], [45, 37, 31, 44, 28, 14, 50, 23, 48, 8, 1, 51], [36, 11, 9, 54, 24, 20, 23, 58, 50, 50, 36, 50], [26, 53, 26, 7, 47, 1, 1, 19, 59, 25, 55, 37], [9, 57, 19, 9, 27, 43, 42, 33, 49, 34, 31, 32], [1, 5, 2, 29, 10, 34, 7, 13, 20, 37, 57, 43], [17, 11, 22, 55, 12, 37, 59, 40, 26, 14, 26, 31], [37, 48, 27, 30, 39, 41, 2, 25, 20, 4, 17, 14], [51, 36, 55, 28, 33, 57, 50, 43, 10, 16, 50, 44], [37, 24, 55, 11, 1, 41, 28, 11, 27, 48, 11, 38]])
deveria ser
['officia', 'voluptatem', 'nobis', 'quis', 'nobis', 'eum', 'voluptatem', 'itaque', 'ad', 'nam', 'ad', 'ad', 'voluptatem', 'ad', 'nobis', 'ad', 'consequatur', 'nihil', 'quis', 'eum', 'ad', 'laborum', 'ad', 'culpa', 'eum', 'culpa', 'nihil', 'sequi', 'vitae', 'vitae', 'consequatur', 'voluptatem', 'ad', 'culpa', 'corrupti']
mas deu
['officia' 'voluptatem' 'nobis' 'quis' 'nobis' 'eum' 'voluptatem' 'itaque'
 'ad' 'nam' 'ad' 'ad' 'voluptatem' 'ad' 'nobis' 'ad' 'consequatur' 'nihil'
 'quis' 'eum' 'ad' 'laborum' 'ad' 'culpa' 'eum' 'culpa' 'nihil' 'sequi'
 'vitae' 'vitae' 'consequatur' 'voluptatem' 'ad' 'culpa' 'corrupti']
Se nao entender esse erro, peça ajuda ao professor:
tester.py, 172: TypeError - only size-1 arrays can be converted to Python scalars
Teste 5 deu errado!
O resultado para
([[40, 23, 20, 15, 16, 25, 25, 21, 11, 17, 30, 40, 21, 34, 19, 28, 23, 31, 32], [10, 24, 26, 21, 14, 24, 22, 34, 38, 20, 10, 31, 31, 25, 12, 30, 19, 17, 33], [28, 15, 19, 18, 34, 35, 30, 39, 33, 40, 13, 19, 23, 12, 32, 35, 11, 28, 15], [18, 14, 10, 39, 14, 33, 23, 28, 34, 24, 18, 27, 10, 23, 15, 31, 38, 11, 27], [12, 28, 21, 27, 37, 31, 32, 25, 14, 33, 37, 24, 23, 11, 33, 11, 37, 35, 11], [16, 12, 28, 31, 27, 24, 11, 11, 35, 24, 19, 11, 24, 12, 19, 26, 39, 25, 17], [34, 13, 25, 33, 35, 29, 39, 29, 22, 31, 26, 27, 10, 37, 36, 40, 39, 33, 35], [36, 37, 12, 39, 21, 23, 35, 37, 11, 17, 22, 29, 14, 25, 17, 27, 14, 17, 12], [19, 10, 30, 33, 39, 32, 39, 27, 39, 33, 18, 32, 37, 28, 22, 32, 29, 32, 29], [23, 14, 14, 25, 13, 14, 38, 26, 38, 19, 35, 26, 34, 29, 27, 26, 28, 11, 36], [21, 19, 23, 25, 15, 12, 15, 24, 36, 11, 23, 34, 20, 24, 37, 12, 14, 28, 40], [27, 21, 35, 16, 40, 18, 16, 14, 28, 32, 27, 13, 35, 26, 33, 40, 33, 27, 11], [17, 17, 22, 33, 29, 38, 16, 18, 15, 31, 32, 16, 36, 35, 22, 26, 10, 32, 14], [26, 28, 20, 37, 17, 33, 39, 25, 11, 21, 20, 33, 10, 25, 35, 23, 30, 36, 11], [33, 28, 15, 37, 11, 35, 25, 38, 30, 23, 11, 19, 12, 27, 35, 18, 34, 36, 37], [30, 10, 18, 35, 11, 36, 30, 12, 12, 14, 32, 33, 29, 15, 12, 40, 31, 23, 29], [25, 34, 19, 18, 29, 32, 29, 35, 34, 21, 20, 21, 37, 39, 18, 23, 11, 39, 25], [19, 13, 37, 36, 33, 12, 31, 16, 17, 37, 39, 38, 21, 33, 24, 29, 31, 26, 32], [29, 30, 37, 17, 27, 19, 38, 23, 38, 39, 33, 33, 21, 38, 21, 25, 25, 13, 29], [38, 15, 29, 23, 25, 17, 34, 31, 23, 37, 27, 36, 17, 15, 40, 10, 33, 29, 14], [19, 20, 28, 13, 28, 37, 35, 28, 20, 24, 31, 19, 10, 18, 34, 11, 34, 39, 32], [10, 10, 32, 29, 40, 32, 37, 14, 21, 12, 22, 32, 40, 36, 33, 39, 31, 40, 40], [23, 10, 18, 21, 15, 32, 29, 18, 39, 13, 23, 33, 39, 10, 20, 31, 11, 40, 29], [35, 39, 14, 14, 18, 24, 21, 31, 32, 23, 29, 16, 18, 26, 16, 13, 10, 18, 13], [16, 30, 36, 15, 31, 24, 16, 21, 39, 32, 27, 39, 12, 26, 26, 35, 13, 26, 34], [28, 10, 28, 11, 39, 11, 26, 36, 37, 25, 12, 38, 20, 33, 31, 13, 40, 10, 19], [13, 25, 19, 15, 21, 16, 39, 37, 14, 31, 34, 24, 18, 34, 38, 28, 28, 15, 28], [38, 40, 37, 39, 32, 28, 37, 37, 31, 26, 39, 23, 33, 30, 35, 22, 16, 29, 14], [14, 12, 27, 38, 18, 35, 39, 15, 26, 26, 29, 35, 29, 26, 35, 31, 11, 10, 39], [31, 17, 40, 23, 11, 39, 12, 13, 40, 18, 27, 25, 22, 27, 36, 21, 17, 30, 15], [33, 25, 14, 37, 35, 30, 11, 26, 22, 19, 23, 37, 13, 31, 31, 19, 37, 22, 23], [10, 22, 30, 35, 25, 34, 34, 17, 32, 32, 10, 20, 40, 17, 26, 19, 19, 14, 18], [16, 39, 24, 18, 26, 35, 24, 14, 13, 13, 29, 32, 30, 38, 12, 31, 10, 20, 28], [33, 39, 13, 30, 29, 18, 25, 37, 24, 12, 13, 20, 31, 24, 25, 37, 31, 17, 38], [39, 36, 28, 36, 22, 23, 36, 11, 12, 13, 28, 27, 10, 26, 16, 10, 40, 19, 36], [11, 33, 26, 32, 33, 12, 30, 13, 14, 15, 19, 27, 37, 21, 21, 11, 27, 17, 14], [17, 26, 40, 36, 12, 28, 19, 18, 15, 40, 32, 22, 12, 35, 14, 40, 39, 40, 38], [22, 13, 24, 24, 36, 12, 26, 32, 15, 32, 11, 28, 30, 38, 14, 19, 32, 25, 23], [40, 23, 40, 36, 13, 19, 17, 22, 31, 24, 35, 16, 39, 20, 24, 14, 16, 34, 34], [32, 35, 32, 29, 19, 21, 32, 21, 39, 36, 40, 31, 15, 38, 19, 15, 11, 22, 36], [16, 33, 34, 26, 36, 27, 18, 37, 39, 17, 39, 25, 30, 11, 14, 16, 26, 12, 27], [32, 34, 35, 10, 10, 26, 35, 28, 26, 24, 35, 22, 33, 29, 33, 18, 38, 13, 15], [40, 21, 12, 22, 19, 22, 34, 14, 22, 33, 22, 12, 15, 34, 32, 12, 13, 23, 15], [21, 24, 17, 15, 34, 37, 10, 37, 40, 16, 30, 13, 31, 16, 15, 40, 30, 11, 12], [17, 24, 19, 36, 22, 37, 21, 10, 30, 15, 14, 11, 27, 40, 36, 18, 39, 34, 16], [35, 18, 23, 18, 13, 19, 23, 18, 33, 36, 36, 13, 15, 10, 40, 11, 17, 21, 11], [32, 36, 26, 29, 12, 38, 29, 28, 39, 35, 16, 33, 18, 20, 30, 16, 28, 33, 14], [12, 16, 19, 18, 25, 39, 18, 24, 30, 39, 32, 35, 17, 19, 36, 31, 39, 23, 31], [11, 28, 29, 15, 13, 33, 30, 23, 38, 19, 15, 39, 38, 36, 34, 13, 12, 28, 40], [32, 30, 35, 21, 13, 10, 29, 10, 29, 31, 15, 29, 13, 29, 26, 22, 24, 23, 37], [15, 10, 36, 24, 21, 14, 30, 26, 13, 37, 16, 35, 16, 37, 12, 40, 31, 23, 15], [38, 35, 19, 16, 18, 29, 40, 17, 12, 29, 36, 14, 30, 40, 32, 21, 36, 23, 20], [25, 26, 37, 28, 27, 10, 18, 20, 30, 11, 19, 13, 29, 36, 29, 37, 38, 26, 20], [40, 29, 33, 23, 18, 15, 27, 11, 36, 37, 16, 35, 14, 21, 26, 19, 36, 18, 15], [21, 13, 10, 39, 13, 19, 18, 11, 15, 30, 33, 25, 13, 24, 30, 19, 24, 15, 34], [25, 35, 36, 36, 33, 22, 25, 24, 29, 21, 22, 23, 36, 13, 13, 35, 37, 34, 20], [32, 19, 38, 20, 21, 18, 34, 20, 24, 11, 34, 27, 12, 39, 32, 10, 12, 12, 20], [17, 36, 11, 27, 36, 26, 32, 22, 36, 10, 33, 29, 15, 11, 35, 22, 34, 23, 40], [35, 12, 20, 11, 37, 33, 27, 27, 11, 18, 22, 21, 37, 38, 11, 36, 23, 27, 12], [23, 15, 14, 26, 23, 24, 17, 22, 22, 28, 27, 25, 40, 39, 10, 32, 28, 17, 25], [28, 35, 35, 38, 31, 34, 17, 10, 19, 30, 13, 10, 13, 12, 30, 30, 26, 39, 27], [22, 26, 10, 17, 20, 37, 39, 20, 15, 34, 40, 19, 40, 39, 15, 40, 29, 13, 32], [17, 35, 16, 27, 33, 18, 23, 32, 38, 39, 15, 27, 26, 13, 27, 38, 17, 12, 21], [14, 11, 21, 16, 36, 34, 17, 32, 26, 27, 25, 15, 32, 11, 14, 38, 21, 29, 39], [12, 33, 13, 30, 34, 29, 25, 10, 16, 27, 27, 36, 20, 24, 17, 19, 40, 11, 28], [33, 19, 24, 32, 12, 23, 14, 27, 22, 34, 22, 38, 38, 29, 24, 22, 26, 24, 22], [14, 13, 11, 37, 10, 19, 13, 13, 31, 30, 20, 19, 34, 11, 30, 34, 13, 32, 13], [21, 34, 40, 10, 28, 27, 23, 14, 31, 10, 15, 30, 17, 18, 29, 39, 18, 35, 16], [17, 21, 34, 20, 21, 35, 36, 23, 29, 34, 21, 30, 23, 32, 37, 26, 21, 23, 23], [34, 32, 20, 32, 16, 28, 14, 36, 28, 27, 36, 24, 34, 33, 17, 39, 35, 10, 18], [36, 22, 39, 22, 25, 18, 25, 39, 35, 29, 15, 26, 35, 14, 19, 15, 38, 33, 28], [17, 17, 37, 37, 35, 32, 21, 39, 15, 35, 16, 14, 30, 14, 25, 14, 10, 31, 18], [37, 36, 32, 33, 18, 27, 36, 14, 33, 37, 27, 27, 24, 30, 20, 15, 19, 18, 16], [12, 39, 31, 37, 25, 19, 37, 25, 17, 33, 24, 40, 10, 32, 28, 23, 36, 35, 15], [16, 21, 29, 25, 11, 26, 25, 18, 26, 24, 24, 31, 15, 27, 10, 15, 39, 22, 37], [23, 25, 27, 38, 14, 38, 17, 30, 15, 16, 34, 34, 37, 20, 18, 19, 16, 15, 10], [14, 21, 34, 18, 36, 28, 10, 20, 22, 24, 10, 14, 20, 29, 16, 20, 19, 19, 34], [25, 17, 24, 17, 21, 29, 33, 33, 31, 29, 17, 30, 15, 36, 38, 10, 24, 26, 20], [13, 22, 24, 30, 34, 10, 30, 32, 22, 17, 15, 17, 40, 16, 34, 13, 26, 27, 34], [38, 11, 17, 31, 22, 21, 28, 32, 11, 23, 22, 13, 20, 10, 28, 21, 12, 13, 37], [11, 32, 12, 30, 23, 32, 31, 21, 10, 15, 23, 34, 13, 32, 21, 30, 29, 21, 32], [32, 40, 14, 28, 22, 17, 10, 10, 16, 37, 32, 28, 22, 34, 32, 27, 31, 40, 34], [16, 35, 12, 34, 19, 13, 35, 39, 16, 13, 10, 14, 12, 27, 40, 34, 24, 29, 37], [20, 22, 35, 16, 22, 36, 24, 15, 36, 20, 18, 19, 14, 26, 39, 27, 22, 25, 11], [29, 28, 39, 12, 18, 15, 10, 23, 13, 17, 35, 13, 35, 31, 27, 16, 35, 22, 26], [40, 12, 25, 21, 18, 23, 38, 15, 20, 32, 21, 12, 32, 26, 10, 23, 35, 28, 11], [17, 22, 34, 36, 33, 26, 24, 26, 39, 14, 35, 23, 22, 22, 20, 32, 28, 17, 30], [24, 14, 32, 38, 21, 36, 33, 34, 22, 15, 38, 30, 30, 39, 23, 19, 38, 32, 11], [11, 36, 15, 37, 33, 15, 36, 21, 11, 35, 37, 27, 34, 12, 26, 16, 32, 34, 18], [32, 30, 11, 15, 23, 23, 38, 38, 11, 25, 29, 19, 18, 18, 12, 27, 29, 40, 33], [12, 23, 38, 32, 15, 27, 39, 29, 26, 18, 39, 40, 28, 22, 16, 34, 25, 27, 18], [30, 37, 25, 40, 23, 25, 37, 11, 20, 31, 15, 39, 15, 35, 12, 16, 40, 10, 21], [19, 23, 21, 31, 33, 24, 22, 22, 34, 17, 23, 37, 31, 23, 31, 40, 17, 39, 36]], ['iusto', 'sed', 'nulla', 'quae', 'nesciunt', 'voluptates', 'consequuntur', 'maiores', 'commodi', 'sit', 'natus', 'error', 'ea', 'saepe', 'vel', 'quam', 'odit', 'magnam', 'dicta', 'tenetur', 'fugit', 'dolor', 'deserunt', 'placeat', 'ea', 'repellendus', 'inventore', 'voluptatum', 'asperiores', 'dolores', 'officiis', 'commodi', 'doloremque', 'et', 'corporis', 'iste', 'est', 'non', 'a', 'sint', 'ipsum', 'magni', 'aperiam', 'doloremque', 'perspiciatis', 'adipisci', 'quas', 'nihil', 'suscipit', 'rem', 'est', 'quasi', 'sunt', 'eos', 'nisi', 'quis', 'placeat', 'velit', 'deleniti', 'nulla', 'accusantium', 'modi', 'veritatis', 'neque', 'corporis', 'eveniet', 'porro', 'alias', 'magni', 'pariatur', 'laboriosam', 'est', 'fugit', 'id', 'consequuntur', 'ab', 'sed', 'inventore', 'consequuntur', 'saepe', 'cum', 'eius', 'quas', 'necessitatibus', 'iusto', 'consequuntur', 'molestias', 'quaerat', 'veritatis', 'repellendus', 'excepturi', 'est', 'distinctio'], [[36, 30, 58, 16, 59, 19, 7, 44, 8, 6, 26, 16, 35, 17, 48, 59, 57, 39, 12], [3, 20, 26, 33, 11, 42, 35, 47, 41, 42, 21, 56, 16, 50, 31, 44, 47, 21, 31], [8, 37, 44, 12, 50, 24, 9, 9, 15, 14, 14, 32, 33, 44, 50, 60, 22, 16, 2], [22, 40, 21, 7, 21, 41, 39, 33, 26, 47, 56, 40, 37, 36, 47, 10, 59, 44, 37], [55, 12, 19, 23, 58, 47, 36, 35, 14, 38, 43, 40, 12, 57, 28, 36, 56, 48, 17], [56, 58, 19, 17, 47, 32, 36, 8, 26, 49, 58, 7, 39, 23, 30, 54, 40, 11, 47], [30, 19, 29, 10, 9, 39, 11, 49, 5, 48, 46, 15, 57, 31, 36, 56, 13, 51, 29], [47, 10, 57, 42, 52, 54, 41, 37, 24, 35, 32, 1, 4, 37, 37, 48, 14, 46, 53], [17, 12, 22, 20, 55, 37, 42, 54, 11, 55, 20, 42, 50, 15, 5, 52, 50, 47, 48], [58, 1, 35, 39, 8, 40, 28, 58, 34, 44, 37, 33, 41, 39, 25, 17, 23, 4, 57], [40, 53, 5, 36, 34, 56, 60, 47, 23, 59, 13, 32, 45, 49, 27, 25, 21, 1, 29], [27, 39, 38, 38, 19, 45, 4, 36, 7, 40, 5, 29, 8, 40, 44, 24, 14, 27, 25], [44, 7, 29, 11, 51, 56, 31, 55, 13, 4, 19, 5, 46, 39, 40, 5, 41, 29, 41], [46, 59, 20, 39, 16, 20, 18, 18, 21, 19, 1, 33, 45, 8, 7, 41, 39, 58, 44], [28, 29, 22, 54, 42, 48, 19, 48, 4, 40, 24, 36, 13, 56, 9, 5, 49, 39, 54], [57, 27, 19, 36, 23, 51, 55, 60, 1, 36, 26, 24, 4, 26, 40, 27, 44, 53, 60], [56, 50, 2, 57, 29, 60, 56, 22, 16, 39, 28, 17, 15, 29, 29, 56, 48, 13, 33], [55, 10, 58, 36, 52, 44, 33, 18, 22, 60, 17, 18, 28, 48, 45, 49, 4, 5, 40], [57, 52, 25, 23, 42, 47, 45, 32, 42, 29, 39, 9, 4, 12, 34, 60, 51, 2, 46], [33, 52, 33, 30, 46, 57, 2, 34, 8, 45, 16, 4, 22, 40, 26, 46, 42, 48, 45], [13, 56, 50, 36, 30, 30, 8, 56, 4, 9, 46, 19, 32, 60, 56, 53, 16, 12, 24], [40, 30, 15, 1, 16, 4, 36, 7, 50, 11, 2, 25, 11, 49, 54, 5, 32, 42, 55], [29, 3, 46, 12, 3, 46, 5, 29, 42, 2, 47, 11, 23, 37, 4, 23, 48, 3, 31], [47, 22, 32, 17, 12, 60, 34, 10, 42, 4, 32, 59, 20, 46, 60, 19, 29, 9, 10], [11, 59, 33, 24, 54, 47, 17, 47, 39, 8, 36, 54, 6, 35, 4, 58, 46, 20, 53], [58, 44, 59, 29, 36, 39, 19, 18, 38, 43, 3, 22, 16, 34, 5, 30, 31, 42, 3], [46, 57, 56, 33, 6, 59, 31, 49, 21, 40, 42, 57, 29, 26, 6, 50, 48, 35, 42], [3, 23, 56, 7, 56, 20, 39, 12, 44, 44, 18, 44, 31, 2, 13, 9, 10, 1, 60], [15, 13, 18, 19, 25, 60, 18, 56, 26, 7, 34, 44, 26, 9, 60, 3, 22, 57, 29], [17, 14, 30, 43, 40, 30, 11, 38, 17, 40, 43, 25, 3, 48, 56, 44, 36, 55, 13], [12, 22, 20, 45, 36, 12, 3, 38, 27, 9, 32, 37, 31, 20, 43, 27, 36, 9, 26], [21, 58, 36, 48, 13, 27, 4, 8, 49, 23, 19, 29, 27, 6, 36, 28, 19, 45, 38], [52, 1, 8, 27, 58, 59, 34, 58, 21, 23, 33, 56, 4, 50, 11, 10, 41, 36, 35], [52, 59, 40, 31, 26, 23, 48, 14, 52, 49, 47, 6, 22, 18, 13, 45, 26, 57, 25], [25, 12, 42, 25, 6, 10, 40, 46, 9, 16, 47, 11, 46, 59, 33, 41, 15, 56, 30], [30, 55, 27, 33, 34, 28, 6, 60, 9, 60, 7, 41, 31, 2, 49, 47, 43, 19, 20], [18, 31, 22, 37, 23, 25, 19, 16, 49, 31, 60, 19, 6, 8, 29, 29, 45, 14, 15], [22, 47, 43, 7, 54, 57, 8, 41, 41, 52, 29, 7, 5, 35, 37, 13, 5, 45, 52], [52, 2, 24, 7, 38, 3, 52, 44, 47, 52, 34, 5, 56, 2, 42, 57, 12, 21, 19], [52, 51, 47, 40, 29, 15, 34, 47, 29, 50, 45, 6, 23, 44, 23, 28, 6, 57, 38], [56, 30, 57, 20, 40, 33, 36, 59, 45, 56, 59, 26, 40, 56, 7, 10, 38, 13, 35], [48, 14, 52, 21, 6, 16, 3, 2, 1, 27, 27, 22, 25, 54, 14, 5, 1, 20, 44], [56, 51, 46, 34, 43, 60, 24, 37, 13, 22, 11, 43, 28, 16, 18, 5, 18, 37, 55], [35, 11, 9, 1, 3, 54, 6, 54, 1, 2, 45, 17, 28, 7, 3, 41, 38, 41, 48], [21, 19, 56, 5, 19, 56, 46, 57, 53, 52, 57, 43, 37, 17, 48, 18, 20, 57, 8], [52, 35, 53, 48, 47, 52, 57, 45, 24, 20, 8, 58, 15, 43, 39, 2, 43, 13, 45], [26, 33, 33, 58, 49, 16, 53, 41, 33, 57, 26, 18, 28, 28, 59, 23, 41, 38, 20], [48, 12, 36, 38, 38, 31, 12, 15, 19, 18, 43, 13, 22, 26, 44, 10, 26, 53, 16], [42, 22, 29, 30, 58, 37, 4, 20, 15, 49, 14, 47, 20, 11, 27, 1, 20, 59, 16], [42, 52, 42, 30, 12, 17, 54, 11, 12, 57, 10, 16, 53, 32, 60, 59, 56, 9, 55], [45, 9, 39, 5, 25, 6, 34, 18, 41, 40, 52, 1, 27, 11, 8, 8, 38, 52, 50], [53, 22, 46, 59, 53, 34, 14, 46, 11, 59, 19, 40, 28, 41, 48, 46, 16, 54, 6], [25, 3, 16, 7, 51, 35, 41, 59, 54, 18, 1, 2, 37, 36, 22, 57, 21, 31, 56], [4, 50, 28, 5, 39, 46, 15, 5, 51, 41, 24, 35, 13, 46, 48, 29, 44, 60, 59], [51, 37, 17, 34, 35, 46, 17, 50, 3, 49, 35, 18, 58, 33, 28, 50, 32, 44, 48], [21, 48, 47, 34, 43, 46, 41, 30, 38, 9, 34, 31, 51, 29, 54, 28, 13, 27, 24], [49, 20, 28, 42, 57, 13, 46, 32, 2, 48, 19, 6, 45, 25, 36, 29, 10, 39, 7], [40, 18, 14, 18, 12, 7, 36, 18, 31, 36, 46, 20, 53, 29, 54, 22, 35, 46, 5], [50, 2, 57, 51, 30, 60, 20, 52, 2, 25, 51, 20, 49, 60, 50, 18, 21, 23, 48], [54, 30, 13, 45, 44, 30, 57, 8, 28, 48, 20, 53, 24, 11, 31, 8, 4, 55, 52], [25, 60, 4, 45, 41, 2, 44, 7, 51, 31, 57, 59, 33, 35, 57, 56, 54, 57, 33], [16, 57, 17, 56, 51, 20, 58, 16, 32, 57, 37, 55, 9, 14, 9, 49, 52, 1, 59], [33, 47, 20, 35, 11, 27, 17, 14, 6, 28, 12, 55, 42, 26, 43, 48, 12, 35, 20], [21, 58, 38, 43, 23, 39, 6, 49, 7, 37, 46, 42, 34, 52, 11, 54, 16, 5, 58], [40, 60, 8, 53, 17, 22, 43, 49, 34, 33, 16, 2, 13, 21, 26, 43, 2, 44, 24], [29, 39, 56, 26, 2, 31, 7, 17, 13, 8, 26, 14, 53, 45, 3, 4, 50, 3, 5], [34, 36, 59, 39, 29, 60, 3, 36, 5, 29, 30, 58, 44, 59, 52, 38, 40, 51, 38], [11, 60, 35, 49, 6, 19, 3, 50, 51, 38, 25, 14, 11, 2, 15, 3, 42, 14, 20], [16, 9, 48, 26, 10, 56, 34, 5, 13, 41, 49, 12, 27, 44, 45, 54, 26, 5, 57], [35, 28, 22, 4, 49, 42, 6, 58, 45, 54, 33, 42, 51, 34, 31, 22, 35, 40, 30], [60, 55, 16, 31, 54, 13, 3, 21, 54, 50, 17, 2, 26, 21, 23, 53, 18, 59, 19], [11, 44, 14, 13, 49, 50, 8, 49, 39, 21, 36, 16, 48, 53, 2, 56, 56, 18, 18], [25, 13, 56, 37, 52, 59, 43, 31, 55, 40, 15, 30, 41, 45, 60, 27, 44, 3, 1], [36, 12, 3, 38, 43, 15, 36, 46, 25, 21, 44, 44, 15, 23, 32, 42, 9, 4, 44], [45, 14, 8, 54, 32, 13, 14, 12, 16, 29, 14, 49, 16, 31, 21, 12, 55, 15, 2], [37, 55, 15, 55, 23, 36, 35, 44, 48, 5, 8, 39, 35, 4, 2, 49, 46, 54, 57], [4, 4, 38, 29, 58, 50, 14, 55, 23, 14, 34, 18, 8, 10, 60, 9, 23, 45, 57], [40, 2, 5, 55, 5, 13, 39, 35, 10, 28, 47, 27, 29, 25, 13, 52, 23, 37, 40], [33, 17, 55, 9, 59, 4, 43, 35, 41, 57, 28, 34, 48, 16, 17, 47, 52, 28, 35], [52, 54, 11, 54, 55, 40, 5, 6, 1, 14, 12, 49, 30, 4, 25, 50, 26, 4, 57], [10, 43, 5, 38, 13, 50, 29, 4, 1, 50, 50, 26, 32, 9, 31, 6, 18, 37, 10], [26, 54, 44, 50, 34, 15, 7, 34, 26, 28, 43, 43, 1, 26, 43, 48, 46, 28, 10], [3, 2, 41, 1, 18, 57, 29, 30, 14, 26, 23, 60, 5, 21, 12, 30, 7, 36, 20], [15, 60, 51, 5, 35, 25, 56, 18, 29, 27, 5, 42, 17, 43, 10, 60, 2, 46, 34], [6, 51, 20, 11, 9, 12, 38, 55, 38, 33, 10, 3, 1, 22, 12, 49, 45, 59, 41], [13, 26, 33, 47, 30, 30, 46, 36, 16, 18, 17, 22, 43, 20, 34, 45, 37, 13, 13], [50, 22, 56, 13, 8, 16, 55, 58, 35, 26, 21, 8, 44, 21, 57, 8, 21, 34, 10], [45, 41, 17, 31, 31, 15, 44, 20, 21, 58, 15, 6, 13, 31, 23, 18, 34, 15, 11], [12, 34, 28, 30, 15, 16, 10, 47, 12, 40, 4, 57, 6, 13, 53, 19, 53, 5, 54], [43, 30, 41, 36, 24, 3, 3, 32, 5, 35, 31, 36, 38, 46, 46, 11, 24, 4, 14], [25, 31, 31, 18, 36, 34, 44, 24, 40, 32, 26, 21, 34, 29, 38, 5, 33, 9, 34], [36, 16, 44, 35, 54, 3, 57, 15, 39, 22, 31, 6, 18, 40, 52, 18, 53, 31, 3], [57, 59, 40, 4, 59, 3, 46, 25, 13, 31, 13, 33, 18, 44, 18, 6, 7, 40, 9]])
deveria ser
['corporis', 'nihil', 'iusto', 'inventore', 'corporis', 'corporis', 'est', 'consequuntur', 'est', 'est', 'modi', 'est', 'corporis', 'sed', 'est', 'corporis', 'corporis', 'est', 'corporis', 'est', 'iusto', 'corporis', 'dolores', 'adipisci', 'doloremque', 'sed', 'est', 'est', 'adipisci', 'est', 'officiis', 'eius', 'corporis', 'est', 'cum', 'est', 'corporis', 'est', 'nulla', 'est', 'sint', 'placeat', 'corporis', 'alias', 'tenetur', 'corporis', 'corporis', 'tenetur', 'est', 'est', 'consequuntur', 'est', 'consequuntur', 'corporis', 'nulla', 'velit', 'saepe', 'adipisci', 'inventore', 'est', 'corporis', 'est', 'cum', 'est', 'accusantium', 'corporis', 'iusto', 'corporis', 'est', 'iusto', 'eius', 'doloremque', 'est', 'asperiores', 'corporis', 'consequuntur', 'quas', 'cum', 'corporis', 'iusto', 'veritatis', 'voluptatum', 'est', 'sed', 'sed', 'quasi', 'a', 'consequuntur', 'quas', 'iusto', 'inventore', 'corporis', 'alias']
mas deu
['corporis' 'nihil' 'iusto' 'inventore' 'corporis' 'corporis' 'est'
 'consequuntur' 'est' 'est' 'modi' 'est' 'corporis' 'sed' 'est' 'corporis'
 'corporis' 'est' 'corporis' 'est' 'iusto' 'corporis' 'dolores' 'adipisci'
 'doloremque' 'sed' 'est' 'est' 'adipisci' 'est' 'officiis' 'eius'
 'corporis' 'est' 'cum' 'est' 'corporis' 'est' 'nulla' 'est' 'sint'
 'placeat' 'corporis' 'alias' 'tenetur' 'corporis' 'corporis' 'tenetur'
 'est' 'est' 'consequuntur' 'est' 'consequuntur' 'corporis' 'nulla'
 'velit' 'saepe' 'adipisci' 'inventore' 'est' 'corporis' 'est' 'cum' 'est'
 'accusantium' 'corporis' 'iusto' 'corporis' 'est' 'iusto' 'eius'
 'doloremque' 'est' 'asperiores' 'corporis' 'consequuntur' 'quas' 'cum'
 'corporis' 'iusto' 'veritatis' 'voluptatum' 'est' 'sed' 'sed' 'quasi' 'a'
 'consequuntur' 'quas' 'iusto' 'inventore' 'corporis' 'alias']
Se nao entender esse erro, peça ajuda ao professor:
tester.py, 172: TypeError - only size-1 arrays can be converted to Python scalars
Teste 6 deu errado!
O resultado para
([[26, 28, 20, 29, 28, 25, 24, 31, 28, 37], [29, 28, 40, 39, 39, 15, 34, 16, 11, 20], [37, 11, 23, 21, 28, 25, 10, 21, 35, 28], [35, 39, 36, 11, 39, 39, 40, 16, 30, 12], [29, 21, 15, 15, 23, 21, 26, 36, 40, 22], [31, 13, 27, 24, 23, 33, 24, 15, 24, 16], [36, 10, 35, 12, 37, 10, 31, 40, 32, 20], [38, 14, 16, 30, 31, 16, 31, 40, 17, 12], [15, 38, 17, 31, 13, 32, 14, 20, 36, 13], [28, 19, 40, 27, 24, 16, 34, 24, 37, 27], [25, 40, 23, 34, 21, 36, 23, 33, 26, 29], [16, 27, 29, 35, 22, 19, 10, 36, 12, 37], [33, 16, 15, 19, 30, 20, 29, 23, 33, 23], [19, 27, 23, 39, 25, 15, 29, 23, 23, 11], [11, 16, 17, 15, 30, 39, 33, 24, 33, 14], [32, 20, 28, 36, 40, 37, 34, 22, 11, 35], [11, 35, 14, 21, 20, 34, 36, 27, 23, 24], [11, 12, 21, 38, 34, 23, 29, 30, 15, 30], [39, 13, 16, 23, 38, 38, 16, 32, 39, 29], [20, 29, 34, 32, 14, 33, 28, 19, 12, 22], [27, 21, 19, 32, 21, 30, 38, 34, 33, 29], [39, 25, 39, 30, 37, 23, 10, 13, 23, 27], [32, 20, 16, 16, 26, 18, 34, 39, 12, 40], [27, 20, 14, 13, 11, 32, 19, 24, 12, 39], [32, 20, 14, 18, 39, 15, 32, 36, 34, 36], [12, 38, 14, 11, 38, 35, 37, 32, 23, 29], [36, 14, 16, 13, 28, 26, 26, 40, 13, 31], [24, 29, 11, 39, 35, 36, 23, 17, 24, 35], [21, 13, 33, 13, 13, 37, 33, 16, 23, 31], [19, 17, 16, 37, 11, 32, 21, 27, 16, 30], [30, 12, 29, 27, 24, 10, 18, 16, 35, 31], [13, 29, 16, 16, 14, 30, 25, 26, 15, 20], [29, 26, 23, 35, 16, 17, 35, 36, 27, 28], [13, 30, 17, 24, 12, 25, 19, 40, 32, 38], [39, 33, 29, 12, 19, 39, 23, 40, 39, 25], [38, 13, 31, 24, 37, 20, 18, 40, 30, 12], [25, 18, 34, 38, 37, 10, 17, 20, 35, 36], [30, 19, 37, 11, 40, 11, 34, 36, 26, 14], [37, 30, 19, 35, 30, 21, 39, 36, 33, 37], [25, 33, 15, 24, 14, 29, 26, 14, 34, 13], [17, 38, 35, 37, 23, 33, 22, 14, 36, 30], [17, 39, 17, 19, 33, 37, 36, 22, 11, 39], [37, 24, 25, 10, 27, 11, 15, 34, 23, 23], [22, 14, 30, 29, 28, 26, 37, 11, 27, 15], [21, 11, 33, 11, 31, 22, 14, 12, 29, 32], [39, 11, 26, 20, 12, 32, 19, 16, 21, 10], [19, 38, 17, 15, 36, 30, 33, 39, 29, 19], [36, 22, 31, 16, 37, 14, 27, 23, 10, 40], [17, 26, 32, 23, 24, 21, 10, 26, 17, 34], [40, 39, 17, 26, 11, 31, 25, 30, 26, 38], [19, 20, 17, 23, 37, 31, 31, 38, 36, 37], [28, 36, 27, 40, 28, 25, 26, 22, 25, 30], [32, 26, 28, 39, 17, 12, 35, 19, 13, 34], [17, 35, 24, 20, 10, 24, 17, 15, 26, 21], [11, 28, 18, 27, 40, 21, 38, 21, 28, 30], [26, 15, 26, 17, 17, 14, 20, 20, 29, 31], [27, 27, 10, 35, 19, 17, 13, 22, 14, 32], [14, 19, 29, 11, 39, 36, 34, 29, 21, 25], [18, 32, 35, 39, 11, 25, 21, 22, 30, 40], [12, 36, 27, 29, 40, 31, 39, 19, 26, 10], [37, 27, 17, 39, 25, 32, 17, 15, 12, 36], [15, 29, 38, 13, 28, 37, 27, 15, 32, 29], [38, 20, 32, 20, 22, 20, 39, 34, 17, 26], [15, 23, 21, 23, 10, 37, 35, 18, 37, 11], [12, 30, 34, 32, 33, 15, 14, 32, 36, 29], [39, 10, 33, 24, 11, 30, 37, 21, 16, 14], [32, 39, 25, 16, 14, 31, 23, 12, 19, 36], [26, 38, 19, 36, 11, 39, 33, 10, 20, 24], [18, 27, 30, 13, 19, 34, 12, 33, 37, 29], [32, 32, 39, 12, 30, 34, 18, 20, 11, 21], [37, 10, 40, 24, 35, 12, 15, 29, 16, 27], [19, 29, 10, 29, 30, 36, 15, 31, 12, 21], [27, 10, 33, 33, 16, 29, 27, 15, 26, 14], [30, 25, 36, 10, 24, 17, 40, 28, 30, 19], [32, 18, 39, 25, 38, 34, 15, 12, 39, 37], [22, 39, 12, 12, 39, 12, 32, 16, 35, 20], [29, 16, 22, 14, 18, 23, 15, 35, 37, 22], [14, 38, 19, 31, 34, 32, 17, 32, 37, 11], [18, 10, 10, 15, 38, 37, 26, 15, 29, 28], [16, 18, 22, 34, 16, 26, 23, 25, 18, 11]], ['vitae', 'nobis', 'expedita', 'similique', 'consequuntur', 'aliquid', 'harum', 'harum', 'consectetur', 'rerum', 'animi', 'omnis', 'aspernatur', 'sunt', 'veritatis', 'sequi', 'sapiente', 'laboriosam', 'excepturi', 'quibusdam', 'cupiditate', 'ipsa', 'dolorem', 'ex', 'pariatur', 'iusto', 'voluptatem', 'alias', 'ipsum', 'nemo', 'temporibus', 'molestias', 'quis', 'neque', 'incidunt', 'sit', 'harum', 'culpa', 'reprehenderit', 'dicta', 'veritatis', 'dolorem', 'quibusdam', 'necessitatibus', 'ad', 'voluptas', 'deleniti', 'dolorem', 'minima', 'laboriosam', 'sint', 'voluptatum', 'ad', 'aperiam', 'veritatis', 'facilis', 'consequuntur', 'dignissimos', 'voluptatem', 'dolorem', 'hic', 'quod', 'assumenda', 'quis', 'cupiditate', 'reprehenderit', 'soluta', 'error', 'enim', 'nisi', 'eum', 'laudantium', 'maxime', 'vel', 'voluptates', 'neque', 'ad', 'dignissimos', 'inventore', 'quisquam'], [[55, 7, 38, 36, 3, 2, 20, 54, 34, 30], [26, 5, 27, 6, 28, 4, 8, 50, 29, 14], [46, 23, 40, 9, 2, 25, 24, 32, 34, 32], [53, 57, 50, 12, 20, 30, 6, 16, 56, 54], [6, 45, 20, 44, 15, 17, 48, 52, 24, 4], [12, 41, 56, 28, 23, 47, 43, 12, 15, 46], [36, 35, 45, 15, 13, 43, 58, 37, 51, 11], [50, 43, 3, 9, 35, 10, 59, 4, 22, 53], [16, 28, 38, 3, 24, 53, 35, 15, 19, 30], [54, 37, 30, 52, 16, 51, 30, 13, 56, 7], [35, 15, 56, 58, 27, 47, 43, 28, 12, 18], [33, 56, 7, 5, 28, 47, 31, 36, 5, 34], [41, 45, 23, 17, 12, 26, 13, 34, 56, 56], [10, 43, 43, 4, 51, 39, 11, 5, 28, 41], [46, 31, 49, 2, 30, 11, 29, 58, 26, 57], [56, 10, 9, 6, 26, 22, 5, 5, 22, 20], [58, 24, 60, 46, 33, 9, 46, 46, 54, 42], [18, 42, 55, 40, 25, 41, 51, 24, 33, 38], [51, 15, 35, 57, 40, 4, 49, 55, 8, 57], [3, 52, 15, 56, 37, 9, 55, 2, 4, 54], [27, 5, 25, 4, 10, 27, 28, 45, 18, 33], [45, 45, 32, 46, 41, 3, 5, 3, 5, 37], [43, 44, 18, 6, 18, 43, 40, 14, 35, 54], [39, 59, 44, 50, 9, 8, 7, 53, 20, 26], [3, 49, 1, 5, 44, 55, 19, 28, 25, 56], [45, 7, 9, 4, 55, 56, 7, 10, 23, 6], [55, 1, 52, 34, 56, 46, 41, 25, 19, 9], [42, 8, 37, 41, 21, 2, 48, 26, 15, 7], [45, 13, 21, 40, 28, 12, 45, 26, 30, 24], [52, 35, 1, 27, 35, 4, 45, 54, 42, 13], [51, 12, 2, 12, 12, 18, 39, 22, 10, 25], [57, 39, 46, 20, 11, 40, 58, 9, 30, 59], [56, 53, 1, 23, 59, 45, 29, 31, 35, 51], [19, 19, 57, 15, 41, 17, 6, 6, 48, 9], [27, 4, 53, 23, 23, 45, 54, 20, 41, 16], [23, 45, 4, 3, 3, 60, 50, 30, 43, 8], [39, 23, 27, 15, 31, 36, 43, 19, 54, 5], [45, 18, 47, 17, 35, 14, 43, 51, 15, 57], [22, 52, 46, 5, 48, 35, 11, 28, 60, 31], [44, 47, 25, 45, 2, 32, 52, 47, 46, 38], [51, 14, 56, 16, 12, 27, 3, 50, 33, 19], [33, 56, 4, 60, 57, 48, 31, 17, 42, 15], [34, 39, 27, 57, 43, 24, 38, 39, 48, 39], [31, 4, 3, 12, 29, 53, 32, 40, 14, 35], [56, 49, 18, 60, 36, 6, 45, 50, 16, 55], [39, 1, 60, 6, 1, 51, 17, 7, 15, 39], [37, 41, 55, 3, 10, 49, 12, 25, 13, 26], [20, 9, 27, 49, 28, 47, 8, 8, 21, 18], [57, 28, 5, 44, 43, 39, 37, 27, 18, 49], [6, 51, 53, 32, 7, 28, 25, 34, 21, 50], [28, 49, 10, 53, 2, 14, 25, 50, 11, 50], [40, 37, 52, 18, 36, 49, 19, 37, 21, 23], [17, 39, 43, 46, 53, 60, 12, 56, 20, 20], [45, 34, 3, 57, 7, 23, 54, 31, 13, 45], [40, 16, 41, 36, 42, 57, 51, 15, 7, 2], [37, 16, 30, 51, 16, 50, 23, 16, 26, 24], [24, 17, 26, 46, 45, 40, 31, 48, 26, 26], [8, 44, 55, 3, 47, 14, 6, 55, 3, 26], [16, 21, 24, 6, 55, 38, 39, 47, 10, 23], [23, 31, 47, 15, 32, 51, 20, 16, 9, 5], [13, 44, 3, 20, 5, 57, 56, 44, 2, 33], [48, 52, 43, 17, 1, 9, 19, 13, 57, 7], [40, 55, 22, 59, 59, 17, 34, 35, 58, 48], [54, 16, 54, 6, 56, 17, 48, 13, 22, 6], [27, 31, 59, 8, 44, 1, 49, 33, 22, 12], [45, 12, 48, 52, 52, 57, 45, 44, 52, 47], [26, 28, 18, 8, 40, 16, 18, 56, 47, 51], [58, 24, 42, 48, 13, 9, 52, 33, 30, 45], [4, 44, 5, 24, 29, 46, 1, 25, 29, 2], [2, 21, 42, 58, 15, 16, 36, 34, 32, 25], [8, 44, 50, 39, 4, 54, 2, 18, 23, 17], [56, 54, 17, 2, 53, 52, 22, 12, 59, 2], [46, 20, 20, 52, 22, 29, 7, 10, 43, 59], [30, 11, 11, 47, 49, 18, 23, 51, 60, 27], [17, 19, 8, 13, 25, 55, 16, 56, 52, 39], [37, 42, 54, 32, 58, 13, 33, 46, 1, 36], [9, 20, 39, 56, 59, 48, 53, 58, 16, 49], [25, 47, 21, 39, 30, 10, 28, 16, 33, 2], [36, 28, 13, 51, 20, 48, 14, 42, 5, 6], [16, 11, 51, 12, 34, 5, 30, 56, 59, 9]])
deveria ser
['harum', 'harum', 'aperiam', 'dolorem', 'animi', 'dolorem', 'similique', 'dolorem', 'quod', 'voluptatum', 'vel', 'animi', 'laboriosam', 'dolorem', 'dolorem', 'expedita', 'harum', 'similique', 'dolorem', 'dolorem', 'voluptatem', 'harum', 'dolorem', 'harum', 'dolorem', 'expedita', 'dolorem', 'harum', 'voluptatum', 'harum', 'assumenda', 'dolorem', 'dolorem', 'consequuntur', 'incidunt', 'similique', 'similique', 'dolorem', 'animi', 'laboriosam', 'expedita', 'voluptatum', 'dolorem', 'voluptatem', 'dolorem', 'ex', 'incidunt', 'error', 'dolorem', 'dolorem', 'dolorem', 'incidunt', 'dolorem', 'dolorem', 'dolorem', 'voluptatum', 'voluptatum', 'nisi', 'dolorem', 'nisi', 'animi', 'harum', 'dolorem', 'vel', 'harum', 'dolorem', 'dolorem', 'harum', 'veritatis', 'quis', 'veritatis', 'laboriosam', 'voluptatem', 'consequuntur', 'consequuntur', 'nobis', 'dolorem', 'temporibus', 'laudantium', 'harum']
mas deu
['harum' 'harum' 'aperiam' 'dolorem' 'animi' 'dolorem' 'similique'
 'dolorem' 'quod' 'voluptatum' 'vel' 'animi' 'laboriosam' 'dolorem'
 'dolorem' 'expedita' 'harum' 'similique' 'dolorem' 'dolorem' 'voluptatem'
 'harum' 'dolorem' 'harum' 'dolorem' 'expedita' 'dolorem' 'harum'
 'voluptatum' 'harum' 'assumenda' 'dolorem' 'dolorem' 'consequuntur'
 'incidunt' 'similique' 'similique' 'dolorem' 'animi' 'laboriosam'
 'expedita' 'voluptatum' 'dolorem' 'voluptatem' 'dolorem' 'ex' 'incidunt'
 'error' 'dolorem' 'dolorem' 'dolorem' 'incidunt' 'dolorem' 'dolorem'
 'dolorem' 'voluptatum' 'voluptatum' 'nisi' 'dolorem' 'nisi' 'animi'
 'harum' 'dolorem' 'vel' 'harum' 'dolorem' 'dolorem' 'harum' 'veritatis'
 'quis' 'veritatis' 'laboriosam' 'voluptatem' 'consequuntur'
 'consequuntur' 'nobis' 'dolorem' 'temporibus' 'laudantium' 'harum']
Se nao entender esse erro, peça ajuda ao professor:
tester.py, 172: TypeError - only size-1 arrays can be converted to Python scalars
Teste 7 deu errado!
O resultado para
([[17, 14, 12, 20, 21, 11, 30], [12, 39, 26, 26, 36, 11, 16], [31, 27, 25, 16, 13, 36, 21], [31, 32, 11, 11, 23, 15, 27], [38, 24, 25, 25, 32, 34, 32], [15, 18, 33, 13, 39, 16, 21], [27, 27, 32, 12, 17, 26, 11], [17, 13, 13, 28, 23, 35, 28], [12, 19, 28, 20, 24, 18, 20], [12, 37, 32, 39, 31, 21, 36], [33, 31, 39, 13, 38, 30, 18], [23, 16, 40, 18, 29, 27, 35], [17, 36, 13, 12, 20, 31, 39], [23, 40, 31, 39, 16, 38, 14], [10, 13, 11, 24, 19, 17, 40], [20, 30, 19, 24, 36, 29, 33], [12, 30, 18, 38, 30, 24, 16], [14, 29, 18, 39, 33, 30, 39], [20, 11, 26, 38, 11, 39, 21], [35, 26, 26, 11, 29, 26, 12], [32, 18, 12, 19, 23, 24, 21], [23, 21, 36, 24, 35, 33, 16], [10, 35, 11, 14, 27, 11, 38], [10, 16, 31, 26, 28, 27, 23], [13, 21, 32, 13, 29, 20, 28], [25, 11, 38, 25, 12, 24, 28], [27, 13, 31, 14, 37, 32, 29]], ['modi', 'consequuntur', 'occaecati', 'dolore', 'asperiores', 'minima', 'consequatur', 'adipisci', 'neque', 'esse', 'vitae', 'dolorem', 'nobis', 'repellendus', 'a', 'ullam', 'exercitationem', 'molestiae', 'quas', 'consectetur', 'dolorem', 'enim', 'unde', 'eius', 'mollitia', 'similique', 'deleniti'], [[32, 36, 25, 31, 20, 16, 35], [45, 47, 44, 24, 40, 35, 9], [5, 57, 41, 57, 11, 46, 27], [40, 26, 60, 2, 23, 52, 29], [9, 21, 43, 4, 53, 60, 42], [10, 50, 52, 56, 55, 47, 56], [55, 52, 45, 49, 16, 28, 34], [24, 21, 36, 21, 2, 2, 58], [37, 38, 55, 34, 1, 28, 12], [53, 30, 37, 59, 39, 26, 45], [50, 47, 28, 4, 40, 16, 54], [46, 26, 30, 21, 5, 38, 26], [40, 13, 18, 41, 8, 26, 34], [9, 23, 6, 28, 37, 36, 7], [3, 46, 29, 45, 33, 29, 51], [7, 13, 15, 45, 12, 8, 51], [29, 5, 26, 17, 18, 47, 39], [51, 51, 51, 58, 6, 14, 21], [38, 55, 60, 19, 28, 27, 37], [47, 60, 25, 17, 36, 23, 12], [7, 49, 30, 10, 25, 28, 5], [29, 21, 9, 60, 40, 18, 44], [17, 36, 40, 22, 60, 27, 36], [41, 60, 60, 49, 24, 33, 55], [3, 24, 24, 33, 35, 33, 6], [40, 29, 56, 55, 14, 22, 23], [35, 38, 56, 54, 16, 20, 36]])
deveria ser
['dolore', 'vitae', 'repellendus', 'consectetur', 'dolorem', 'dolorem', 'repellendus', 'modi', 'repellendus', 'asperiores', 'minima', 'occaecati', 'asperiores', 'eius', 'esse', 'a', 'quas', 'repellendus', 'dolorem', 'asperiores', 'consectetur', 'molestiae', 'dolorem', 'asperiores', 'exercitationem', 'dolorem', 'dolorem']
mas deu
['dolore' 'vitae' 'repellendus' 'consectetur' 'dolorem' 'dolorem'
 'repellendus' 'modi' 'repellendus' 'asperiores' 'minima' 'occaecati'
 'asperiores' 'eius' 'esse' 'a' 'quas' 'repellendus' 'dolorem'
 'asperiores' 'consectetur' 'molestiae' 'dolorem' 'asperiores'
 'exercitationem' 'dolorem' 'dolorem']
Se nao entender esse erro, peça ajuda ao professor:
tester.py, 172: TypeError - only size-1 arrays can be converted to Python scalars
Teste 8 deu errado!
O resultado para
([[17, 36, 19, 22, 29, 12, 12, 28, 31, 32], [40, 15, 29, 38, 20, 11, 39, 22, 35, 34], [40, 12, 40, 13, 26, 16, 12, 39, 24, 22], [36, 32, 11, 14, 19, 19, 25, 30, 33, 20], [24, 28, 22, 22, 32, 37, 31, 38, 39, 28], [30, 17, 18, 11, 28, 28, 21, 13, 24, 39], [11, 16, 38, 36, 22, 17, 34, 34, 39, 38], [12, 24, 29, 26, 24, 33, 22, 33, 37, 33], [35, 14, 38, 35, 35, 10, 26, 20, 21, 31], [14, 19, 13, 22, 24, 30, 25, 31, 27, 23], [16, 36, 36, 25, 39, 37, 10, 33, 16, 32], [40, 39, 35, 25, 29, 18, 28, 33, 11, 22], [10, 30, 28, 37, 33, 11, 28, 19, 15, 36], [36, 16, 17, 18, 37, 15, 12, 21, 30, 16], [16, 17, 16, 11, 25, 17, 12, 38, 36, 31], [16, 38, 15, 22, 10, 27, 26, 15, 20, 40], [10, 24, 28, 24, 23, 35, 19, 22, 26, 39], [32, 16, 38, 11, 33, 15, 34, 34, 12, 40], [35, 21, 20, 20, 29, 36, 39, 35, 30, 18], [16, 28, 16, 37, 18, 13, 21, 18, 15, 16], [23, 17, 16, 20, 16, 35, 20, 37, 14, 38], [17, 28, 15, 32, 10, 35, 37, 25, 26, 36], [13, 23, 19, 15, 14, 39, 20, 25, 36, 29]], ['vero', 'nam', 'aliquam', 'eveniet', 'tempore', 'quis', 'consequuntur', 'doloribus', 'aliquid', 'excepturi', 'autem', 'fuga', 'fugiat', 'natus', 'accusantium', 'quisquam', 'facere', 'rerum', 'voluptatem', 'perferendis', 'placeat', 'illo', 'quidem'], [[3, 34, 37, 15, 57, 9, 37, 41, 15, 34], [57, 3, 6, 41, 22, 13, 27, 46, 55, 2], [16, 17, 57, 16, 55, 5, 11, 29, 26, 38], [55, 15, 44, 22, 3, 13, 10, 3, 19, 20], [32, 38, 49, 24, 55, 48, 38, 36, 30, 53], [24, 28, 26, 1, 44, 39, 42, 20, 53, 24], [8, 39, 29, 25, 34, 13, 55, 54, 49, 26], [15, 36, 32, 47, 21, 9, 9, 32, 53, 60], [57, 17, 55, 56, 54, 2, 29, 1, 24, 30], [55, 22, 26, 5, 47, 10, 38, 29, 42, 31], [7, 40, 58, 12, 28, 9, 58, 18, 14, 37], [10, 27, 15, 38, 17, 39, 60, 53, 28, 17], [28, 47, 39, 35, 22, 16, 33, 55, 8, 17], [33, 7, 40, 53, 47, 42, 20, 27, 29, 2], [52, 42, 41, 52, 11, 21, 42, 57, 8, 47], [14, 17, 34, 37, 59, 19, 34, 18, 31, 16], [31, 17, 59, 5, 9, 49, 39, 19, 2, 38], [40, 19, 27, 38, 9, 52, 36, 2, 11, 15], [50, 42, 15, 31, 50, 15, 44, 37, 9, 22], [1, 5, 40, 44, 37, 51, 12, 48, 18, 43], [56, 21, 23, 3, 33, 21, 45, 11, 49, 30], [20, 35, 49, 7, 46, 9, 41, 18, 57, 46], [10, 43, 30, 51, 3, 27, 39, 44, 46, 27]])
deveria ser
['fugiat', 'nam', 'aliquid', 'quis', 'rerum', 'tempore', 'tempore', 'aliquid', 'aliquid', 'tempore', 'fugiat', 'nam', 'fuga', 'natus', 'fuga', 'natus', 'quidem', 'perferendis', 'fuga', 'aliquam', 'quis', 'rerum', 'nam']
mas deu
['fugiat' 'nam' 'aliquid' 'quis' 'rerum' 'tempore' 'tempore' 'aliquid'
 'aliquid' 'tempore' 'fugiat' 'nam' 'fuga' 'natus' 'fuga' 'natus' 'quidem'
 'perferendis' 'fuga' 'aliquam' 'quis' 'rerum' 'nam']
Se nao entender esse erro, peça ajuda ao professor:
tester.py, 172: TypeError - only size-1 arrays can be converted to Python scalars
Teste 9 deu errado!
O resultado para
([[35, 23, 23, 33, 36, 20, 11, 40, 21], [11, 36, 14, 25, 10, 38, 29, 34, 15], [35, 10, 25, 24, 39, 32, 29, 35, 37], [17, 25, 18, 38, 32, 25, 26, 13, 15], [22, 21, 35, 10, 14, 21, 21, 23, 19], [26, 22, 36, 17, 17, 37, 15, 25, 21], [13, 14, 15, 16, 28, 27, 33, 18, 13], [39, 24, 29, 31, 32, 37, 33, 13, 10], [37, 40, 33, 23, 18, 15, 28, 28, 32], [26, 29, 21, 34, 35, 27, 38, 30, 15], [16, 29, 37, 22, 22, 17, 11, 16, 38], [28, 28, 22, 11, 21, 21, 33, 19, 32], [31, 33, 16, 20, 12, 30, 31, 17, 28], [24, 34, 35, 10, 24, 25, 18, 38, 10], [26, 35, 24, 37, 12, 13, 28, 10, 14], [39, 31, 34, 19, 21, 37, 17, 17, 39], [37, 20, 33, 39, 21, 32, 11, 18, 31], [34, 19, 22, 30, 29, 40, 22, 31, 13], [24, 37, 16, 14, 10, 18, 27, 23, 27], [10, 13, 23, 17, 40, 36, 16, 17, 29], [40, 39, 32, 12, 25, 10, 34, 34, 19], [10, 26, 34, 19, 31, 34, 18, 30, 10], [12, 29, 28, 24, 29, 24, 39, 12, 34], [22, 15, 40, 32, 24, 24, 14, 33, 35], [37, 31, 34, 18, 39, 22, 31, 40, 13], [40, 40, 34, 10, 33, 22, 16, 16, 38], [14, 23, 31, 38, 34, 12, 37, 35, 12], [36, 16, 18, 14, 35, 16, 35, 14, 26], [25, 38, 39, 24, 24, 31, 22, 15, 15], [28, 32, 18, 34, 17, 31, 40, 34, 12], [37, 37, 13, 38, 35, 25, 30, 17, 38], [21, 24, 25, 27, 16, 33, 15, 15, 22], [11, 31, 15, 13, 38, 26, 26, 22, 34], [36, 39, 19, 38, 23, 25, 24, 11, 10], [23, 17, 30, 11, 17, 31, 17, 15, 23], [30, 15, 29, 21, 22, 12, 33, 36, 21], [13, 16, 32, 18, 39, 29, 15, 37, 39], [37, 32, 25, 30, 26, 13, 14, 28, 17], [21, 36, 14, 23, 10, 24, 39, 25, 14], [15, 29, 18, 10, 18, 26, 29, 22, 21], [31, 14, 19, 36, 31, 24, 36, 39, 17], [10, 26, 13, 34, 40, 13, 35, 13, 26], [36, 10, 17, 10, 13, 16, 36, 16, 12], [10, 10, 12, 25, 35, 18, 19, 25, 12], [21, 16, 29, 19, 30, 35, 13, 10, 11], [15, 21, 40, 35, 27, 20, 24, 10, 40], [22, 17, 23, 14, 10, 20, 33, 35, 16], [35, 38, 16, 36, 30, 12, 15, 38, 11], [26, 37, 27, 30, 36, 23, 10, 27, 25], [21, 40, 37, 19, 34, 30, 40, 19, 25], [16, 36, 38, 23, 13, 26, 29, 26, 22], [28, 19, 23, 18, 22, 32, 35, 33, 34], [15, 10, 33, 31, 20, 20, 31, 10, 35], [21, 30, 26, 25, 37, 13, 23, 16, 20], [37, 22, 36, 10, 12, 33, 35, 13, 29], [38, 35, 10, 34, 12, 12, 17, 27, 13], [22, 20, 32, 16, 29, 33, 23, 32, 38], [16, 19, 35, 22, 34, 20, 16, 38, 21], [39, 16, 15, 32, 20, 39, 24, 10, 15], [18, 28, 30, 29, 35, 14, 16, 11, 33], [33, 27, 32, 23, 25, 17, 27, 21, 15], [17, 25, 34, 40, 33, 39, 17, 20, 32], [12, 40, 15, 13, 28, 21, 34, 10, 18], [38, 29, 10, 25, 21, 39, 34, 14, 23], [10, 14, 21, 13, 36, 11, 25, 33, 35], [16, 35, 19, 23, 19, 11, 38, 24, 22], [40, 13, 38, 34, 13, 25, 22, 35, 31], [19, 23, 20, 32, 35, 12, 40, 17, 11], [34, 27, 30, 19, 14, 35, 12, 33, 26], [13, 24, 34, 22, 38, 31, 27, 18, 15], [15, 12, 30, 39, 18, 14, 12, 11, 25], [20, 24, 24, 40, 13, 18, 38, 18, 20], [21, 13, 11, 29, 35, 14, 11, 11, 35], [13, 31, 14, 40, 19, 33, 19, 27, 21], [23, 26, 11, 10, 11, 22, 34, 15, 25], [27, 38, 32, 37, 39, 15, 16, 29, 39], [30, 39, 19, 14, 11, 19, 14, 23, 18], [36, 30, 19, 12, 14, 29, 36, 10, 18], [18, 40, 40, 11, 34, 26, 32, 19, 23], [31, 29, 36, 21, 29, 21, 14, 16, 10], [40, 31, 39, 27, 14, 38, 10, 13, 16], [37, 25, 25, 27, 24, 31, 40, 12, 36], [33, 12, 39, 37, 20, 34, 21, 13, 27], [22, 18, 14, 33, 22, 29, 21, 21, 16], [27, 15, 31, 10, 40, 26, 38, 30, 31], [21, 24, 10, 30, 38, 21, 17, 37, 36], [39, 21, 39, 24, 30, 36, 11, 15, 20], [19, 30, 34, 12, 38, 14, 19, 14, 38], [29, 39, 25, 10, 17, 19, 38, 13, 33], [20, 26, 20, 18, 16, 29, 15, 18, 32]], ['praesentium', 'qui', 'atque', 'officiis', 'quis', 'id', 'corporis', 'ratione', 'nemo', 'amet', 'amet', 'aliquid', 'eligendi', 'quibusdam', 'fugit', 'ipsa', 'eaque', 'eius', 'fuga', 'impedit', 'saepe', 'iste', 'neque', 'culpa', 'enim', 'quia', 'illo', 'autem', 'porro', 'accusamus', 'quae', 'explicabo', 'eos', 'culpa', 'sapiente', 'autem', 'voluptas', 'natus', 'quisquam', 'ea', 'eveniet', 'quo', 'quaerat', 'reiciendis', 'dolorem', 'exercitationem', 'provident', 'culpa', 'odio', 'tenetur', 'veritatis', 'occaecati', 'alias', 'repellat', 'facilis', 'totam', 'porro', 'nostrum', 'ducimus', 'temporibus', 'at', 'expedita', 'recusandae', 'cum', 'nostrum', 'nobis', 'tempore', 'optio', 'laborum', 'veniam', 'illo', 'nostrum', 'laborum', 'atque', 'nisi', 'excepturi', 'tenetur', 'optio', 'reiciendis', 'maiores', 'vitae', 'eveniet', 'itaque', 'quas', 'reprehenderit', 'commodi', 'similique', 'totam', 'omnis', 'modi'], [[29, 53, 52, 34, 58, 24, 36, 11, 31], [10, 57, 58, 44, 55, 60, 5, 2, 6], [16, 13, 50, 18, 55, 2, 2, 60, 27], [13, 26, 51, 26, 58, 10, 35, 32, 32], [21, 28, 12, 33, 43, 35, 32, 52, 41], [20, 49, 27, 4, 10, 2, 40, 28, 11], [19, 53, 14, 15, 10, 24, 50, 39, 29], [25, 58, 23, 18, 51, 9, 5, 49, 32], [58, 30, 23, 41, 6, 19, 22, 42, 34], [35, 1, 54, 39, 38, 8, 55, 3, 45], [21, 52, 56, 41, 1, 54, 2, 28, 52], [47, 30, 10, 52, 36, 52, 19, 59, 45], [2, 41, 35, 60, 45, 31, 47, 36, 21], [54, 1, 17, 1, 23, 37, 59, 21, 53], [23, 17, 53, 31, 14, 49, 23, 35, 15], [7, 24, 6, 57, 15, 19, 19, 57, 53], [51, 6, 17, 31, 32, 16, 1, 53, 34], [45, 17, 35, 47, 14, 43, 21, 60, 23], [18, 1, 16, 6, 4, 10, 53, 60, 14], [38, 35, 1, 16, 35, 5, 8, 24, 52], [23, 13, 4, 37, 22, 20, 5, 35, 19], [1, 28, 46, 45, 50, 19, 47, 58, 3], [3, 42, 53, 53, 10, 39, 7, 34, 55], [19, 7, 45, 17, 55, 10, 16, 18, 52], [18, 2, 49, 52, 7, 48, 15, 50, 4], [47, 18, 6, 52, 20, 46, 34, 45, 15], [50, 41, 9, 27, 53, 9, 38, 22, 24], [9, 8, 5, 50, 7, 21, 4, 14, 11], [27, 38, 20, 1, 4, 30, 54, 4, 15], [7, 39, 21, 30, 45, 5, 39, 47, 30], [36, 23, 22, 47, 19, 44, 50, 5, 39], [19, 40, 13, 7, 25, 27, 44, 27, 4], [46, 25, 19, 25, 34, 34, 22, 41, 51], [7, 30, 7, 37, 53, 41, 39, 24, 11], [43, 51, 44, 43, 47, 46, 13, 10, 49], [12, 38, 56, 49, 32, 51, 7, 2, 18], [30, 20, 53, 41, 18, 23, 19, 30, 28], [28, 55, 25, 36, 23, 48, 15, 24, 57], [17, 6, 35, 37, 35, 17, 9, 16, 17], [52, 44, 25, 18, 10, 33, 32, 12, 3], [59, 25, 53, 4, 23, 52, 6, 15, 1], [1, 6, 8, 59, 2, 50, 50, 24, 35], [16, 5, 59, 51, 50, 20, 39, 20, 55], [36, 31, 49, 6, 24, 26, 42, 49, 8], [53, 51, 45, 8, 21, 29, 53, 21, 8], [11, 59, 47, 29, 31, 46, 3, 28, 17], [15, 22, 44, 16, 44, 4, 32, 30, 40], [27, 43, 23, 22, 11, 49, 1, 39, 26], [46, 31, 14, 45, 10, 36, 49, 55, 15], [50, 30, 29, 30, 14, 25, 5, 37, 56], [38, 55, 30, 13, 3, 23, 36, 46, 47], [1, 49, 37, 42, 45, 48, 24, 29, 60], [34, 23, 55, 55, 14, 37, 43, 14, 52], [44, 40, 34, 42, 41, 51, 46, 9, 41], [20, 48, 3, 44, 29, 19, 59, 33, 15], [30, 59, 3, 31, 36, 21, 4, 14, 18], [11, 27, 55, 60, 31, 59, 7, 43, 42], [47, 22, 37, 36, 53, 3, 47, 54, 40], [48, 25, 59, 60, 52, 2, 26, 8, 9], [56, 39, 45, 60, 41, 39, 43, 7, 58], [26, 25, 4, 20, 55, 59, 3, 2, 31], [26, 22, 13, 18, 27, 38, 20, 58, 7], [59, 12, 56, 57, 29, 24, 19, 48, 43], [25, 13, 49, 32, 33, 57, 5, 60, 6], [60, 8, 4, 51, 25, 23, 34, 55, 19], [24, 12, 49, 58, 30, 5, 32, 11, 47], [42, 1, 40, 4, 1, 3, 10, 1, 3], [52, 41, 27, 59, 51, 46, 25, 60, 36], [17, 41, 41, 31, 38, 34, 56, 23, 49], [26, 23, 12, 3, 44, 8, 12, 38, 39], [30, 2, 39, 25, 44, 31, 40, 54, 23], [55, 19, 2, 3, 3, 13, 39, 26, 29], [15, 6, 19, 60, 58, 1, 17, 42, 11], [8, 15, 39, 58, 5, 50, 13, 8, 43], [43, 58, 16, 23, 17, 48, 44, 56, 7], [54, 27, 56, 4, 21, 11, 28, 55, 38], [54, 56, 7, 50, 44, 59, 28, 16, 51], [19, 24, 32, 41, 16, 3, 6, 7, 17], [10, 28, 2, 11, 28, 59, 22, 10, 42], [44, 27, 39, 7, 44, 59, 32, 46, 11], [25, 23, 58, 3, 19, 19, 8, 41, 60], [33, 28, 25, 47, 20, 44, 39, 17, 5], [52, 31, 26, 11, 19, 43, 44, 48, 46], [55, 44, 22, 17, 19, 18, 6, 27, 45], [36, 12, 51, 25, 53, 41, 37, 58, 60], [25, 10, 7, 49, 5, 15, 9, 30, 52], [33, 56, 30, 59, 56, 51, 17, 38, 28], [35, 60, 57, 6, 31, 40, 38, 20, 47], [11, 7, 30, 54, 41, 7, 7, 4, 40], [24, 34, 49, 13, 44, 55, 14, 11, 51]])
deveria ser
['reiciendis', 'culpa', 'nostrum', 'quo', 'exercitationem', 'quisquam', 'quisquam', 'odio', 'nostrum', 'exercitationem', 'expedita', 'atque', 'tenetur', 'eveniet', 'eius', 'atque', 'praesentium', 'expedita', 'quaerat', 'odio', 'laborum', 'illo', 'qui', 'exercitationem', 'expedita', 'atque', 'saepe', 'illo', 'quisquam', 'saepe', 'eveniet', 'quibusdam', 'ipsa', 'quo', 'excepturi', 'odio', 'culpa', 'culpa', 'illo', 'culpa', 'vitae', 'qui', 'exercitationem', 'quibusdam', 'quia', 'vitae', 'exercitationem', 'laborum', 'eveniet', 'vitae', 'enim', 'expedita', 'eveniet', 'excepturi', 'nostrum', 'odio', 'expedita', 'saepe', 'nostrum', 'exercitationem', 'cum', 'quibusdam', 'exercitationem', 'culpa', 'nostrum', 'exercitationem', 'vitae', 'atque', 'tenetur', 'laborum', 'eveniet', 'quisquam', 'atque', 'illo', 'accusamus', 'quia', 'cum', 'nostrum', 'exercitationem', 'enim', 'praesentium', 'expedita', 'eveniet', 'amet', 'atque', 'laborum', 'expedita', 'exercitationem', 'illo', 'exercitationem']
mas deu
['reiciendis' 'culpa' 'nostrum' 'quo' 'exercitationem' 'quisquam'
 'quisquam' 'odio' 'nostrum' 'exercitationem' 'expedita' 'atque' 'tenetur'
 'eveniet' 'eius' 'atque' 'praesentium' 'expedita' 'quaerat' 'odio'
 'laborum' 'illo' 'qui' 'exercitationem' 'expedita' 'atque' 'saepe' 'illo'
 'quisquam' 'saepe' 'eveniet' 'quibusdam' 'ipsa' 'quo' 'excepturi' 'odio'
 'culpa' 'culpa' 'illo' 'culpa' 'vitae' 'qui' 'exercitationem' 'quibusdam'
 'quia' 'vitae' 'exercitationem' 'laborum' 'eveniet' 'vitae' 'enim'
 'expedita' 'eveniet' 'excepturi' 'nostrum' 'odio' 'expedita' 'saepe'
 'nostrum' 'exercitationem' 'cum' 'quibusdam' 'exercitationem' 'culpa'
 'nostrum' 'exercitationem' 'vitae' 'atque' 'tenetur' 'laborum' 'eveniet'
 'quisquam' 'atque' 'illo' 'accusamus' 'quia' 'cum' 'nostrum'
 'exercitationem' 'enim' 'praesentium' 'expedita' 'eveniet' 'amet' 'atque'
 'laborum' 'expedita' 'exercitationem' 'illo' 'exercitationem']
Se nao entender esse erro, peça ajuda ao professor:
tester.py, 172: TypeError - only size-1 arrays can be converted to Python scalars
Teste 10 deu errado!
O resultado para
([[40, 18, 30, 35, 11, 16, 17], [39, 18, 14, 30, 17, 16, 18], [36, 11, 40, 35, 39, 14, 34], [37, 35, 18, 19, 14, 11, 20], [24, 35, 40, 11, 37, 32, 22], [29, 12, 39, 30, 26, 14, 25], [32, 35, 28, 36, 22, 23, 21], [26, 24, 16, 36, 32, 22, 10], [28, 39, 37, 30, 14, 17, 12], [32, 19, 14, 17, 15, 10, 37], [29, 37, 12, 12, 17, 31, 34], [23, 27, 31, 27, 19, 40, 15], [12, 37, 28, 12, 28, 30, 40], [28, 15, 28, 35, 32, 33, 20], [24, 25, 23, 20, 22, 37, 35], [33, 13, 22, 28, 26, 29, 24], [21, 35, 21, 30, 13, 39, 10], [40, 35, 18, 37, 36, 38, 29], [40, 12, 24, 23, 25, 16, 16], [14, 24, 39, 26, 14, 36, 18], [23, 38, 25, 27, 10, 25, 40], [24, 18, 21, 20, 22, 40, 19], [21, 10, 11, 38, 15, 12, 24], [31, 20, 39, 33, 28, 22, 32], [26, 11, 20, 36, 22, 38, 13], [18, 11, 37, 22, 33, 26, 16], [36, 38, 38, 36, 15, 15, 28], [36, 20, 40, 16, 22, 14, 16], [30, 38, 17, 22, 25, 26, 18], [39, 37, 31, 15, 11, 32, 19], [22, 39, 38, 15, 11, 11, 32], [22, 16, 23, 15, 38, 39, 12], [40, 18, 25, 26, 36, 35, 15], [33, 25, 18, 40, 15, 23, 26], [20, 10, 13, 40, 16, 28, 13], [24, 20, 21, 39, 36, 14, 26], [18, 35, 13, 22, 40, 27, 12], [32, 35, 24, 35, 36, 31, 29], [39, 32, 17, 21, 35, 22, 25], [37, 27, 28, 16, 36, 31, 17], [37, 21, 23, 17, 20, 15, 12], [10, 30, 32, 32, 23, 26, 25], [37, 12, 14, 33, 24, 30, 12], [22, 19, 23, 29, 16, 15, 34], [34, 11, 21, 39, 35, 15, 26], [22, 36, 26, 24, 31, 34, 11], [38, 14, 32, 11, 30, 25, 20], [23, 32, 26, 37, 39, 17, 12], [35, 38, 15, 12, 12, 14, 15], [34, 26, 21, 36, 37, 38, 24], [29, 33, 17, 14, 16, 37, 26], [27, 15, 37, 33, 35, 40, 40], [30, 20, 20, 26, 38, 24, 31], [28, 15, 14, 22, 15, 21, 24], [34, 15, 36, 21, 23, 33, 21], [33, 16, 11, 19, 24, 26, 39], [21, 27, 13, 18, 13, 33, 26], [36, 31, 26, 23, 14, 39, 40], [13, 22, 13, 12, 27, 26, 22], [23, 27, 15, 23, 23, 36, 18], [17, 23, 27, 26, 23, 26, 38], [37, 19, 16, 13, 23, 25, 14], [17, 37, 26, 37, 21, 38, 24], [38, 37, 38, 21, 15, 23, 34], [37, 15, 38, 23, 33, 15, 33], [17, 38, 26, 36, 37, 29, 15], [36, 34, 11, 14, 13, 13, 24], [36, 35, 33, 16, 23, 26, 10], [33, 29, 14, 36, 24, 24, 25], [25, 20, 15, 11, 26, 36, 15], [19, 27, 35, 25, 35, 36, 12], [13, 23, 28, 34, 16, 33, 38], [17, 25, 26, 32, 12, 15, 29], [32, 20, 14, 34, 17, 25, 19], [18, 22, 35, 33, 19, 19, 35], [30, 15, 24, 39, 38, 10, 32], [21, 30, 29, 21, 38, 35, 27], [33, 11, 27, 32, 31, 24, 37], [20, 34, 33, 20, 12, 40, 20], [32, 23, 15, 36, 38, 34, 23], [33, 19, 25, 15, 37, 35, 34], [25, 14, 30, 19, 11, 16, 25], [28, 17, 17, 36, 31, 26, 23], [37, 34, 33, 20, 14, 11, 34], [18, 34, 17, 36, 37, 23, 14], [40, 40, 17, 27, 29, 18, 26], [10, 10, 21, 38, 36, 39, 25], [16, 28, 29, 29, 14, 27, 23], [27, 12, 38, 15, 19, 25, 17], [19, 24, 23, 16, 29, 13, 23], [14, 20, 27, 21, 24, 39, 19], [40, 32, 20, 19, 22, 19, 29], [38, 11, 36, 27, 39, 16, 13], [28, 19, 39, 26, 21, 34, 11]], ['dignissimos', 'dolorum', 'amet', 'corrupti', 'aspernatur', 'quod', 'veritatis', 'impedit', 'dignissimos', 'officiis', 'ut', 'dolores', 'ipsa', 'iste', 'fugit', 'maxime', 'rerum', 'inventore', 'totam', 'rerum', 'expedita', 'neque', 'cumque', 'ipsa', 'adipisci', 'quis', 'a', 'consectetur', 'ad', 'hic', 'nemo', 'culpa', 'soluta', 'cum', 'voluptates', 'similique', 'incidunt', 'dolorum', 'aliquam', 'pariatur', 'quisquam', 'aliquam', 'iusto', 'quos', 'corrupti', 'consequatur', 'dolores', 'unde', 'dicta', 'nulla', 'ullam', 'quidem', 'mollitia', 'vel', 'sed', 'dolorum', 'nisi', 'ullam', 'ipsum', 'placeat', 'ex', 'nisi', 'omnis', 'totam', 'ipsam', 'quod', 'consequatur', 'laudantium', 'recusandae', 'nobis', 'cupiditate', 'vero', 'asperiores', 'consequuntur', 'quo', 'consequatur', 'veritatis', 'aut', 'ad', 'laudantium', 'qui', 'similique', 'possimus', 'quam', 'totam', 'possimus', 'minus', 'aperiam', 'maxime', 'minus', 'repellat', 'fuga', 'consequatur', 'ab'], [[20, 54, 11, 53, 34, 3, 38], [44, 58, 22, 49, 42, 8, 43], [49, 57, 47, 35, 50, 17, 10], [18, 4, 45, 33, 8, 18, 34], [18, 56, 23, 31, 60, 37, 11], [40, 4, 41, 25, 60, 31, 4], [15, 59, 47, 34, 47, 11, 2], [51, 32, 24, 1, 46, 37, 22], [45, 19, 56, 29, 53, 28, 10], [56, 58, 16, 50, 6, 28, 5], [38, 60, 11, 6, 15, 31, 37], [30, 31, 32, 38, 51, 26, 32], [52, 60, 36, 56, 59, 28, 27], [27, 39, 7, 21, 37, 58, 49], [50, 48, 57, 28, 22, 45, 24], [49, 28, 36, 20, 46, 22, 19], [59, 4, 51, 17, 1, 8, 52], [35, 17, 48, 36, 29, 41, 47], [26, 18, 47, 42, 24, 32, 6], [10, 10, 23, 36, 52, 52, 25], [31, 28, 18, 6, 23, 3, 8], [54, 9, 4, 31, 24, 5, 27], [12, 18, 10, 34, 59, 60, 37], [34, 1, 12, 47, 15, 3, 27], [58, 39, 37, 59, 9, 27, 3], [10, 25, 15, 27, 50, 58, 49], [2, 37, 8, 39, 46, 42, 11], [48, 2, 41, 35, 47, 60, 58], [40, 8, 30, 4, 57, 1, 54], [9, 15, 16, 53, 50, 31, 24], [16, 27, 55, 11, 47, 14, 56], [28, 46, 46, 17, 5, 10, 24], [51, 55, 11, 35, 23, 37, 21], [11, 18, 24, 41, 11, 33, 14], [43, 37, 43, 56, 24, 1, 14], [26, 52, 50, 8, 4, 22, 29], [12, 26, 37, 28, 14, 40, 2], [39, 47, 1, 54, 44, 32, 49], [54, 36, 3, 46, 28, 3, 12], [2, 57, 38, 57, 43, 18, 22], [41, 39, 51, 22, 4, 10, 38], [60, 25, 16, 48, 60, 40, 14], [13, 46, 31, 37, 2, 44, 58], [1, 54, 6, 58, 37, 54, 51], [32, 58, 10, 38, 19, 8, 16], [54, 1, 46, 28, 6, 3, 45], [4, 20, 21, 28, 25, 12, 49], [51, 43, 56, 60, 11, 55, 41], [47, 40, 49, 10, 16, 4, 36], [49, 32, 14, 30, 21, 11, 20], [3, 5, 32, 43, 22, 37, 4], [8, 51, 7, 53, 20, 45, 50], [41, 5, 35, 52, 51, 42, 44], [44, 9, 53, 14, 19, 43, 31], [29, 49, 46, 49, 33, 10, 38], [17, 12, 53, 3, 54, 20, 14], [12, 57, 58, 42, 9, 18, 28], [44, 55, 22, 41, 22, 12, 60], [11, 38, 33, 19, 25, 36, 55], [11, 12, 21, 16, 37, 8, 35], [35, 1, 16, 27, 47, 8, 43], [18, 37, 60, 22, 27, 12, 30], [23, 8, 28, 48, 56, 56, 60], [20, 6, 15, 26, 42, 57, 43], [27, 49, 1, 10, 48, 39, 19], [40, 51, 48, 45, 24, 34, 24], [20, 6, 30, 40, 23, 32, 36], [45, 42, 14, 35, 25, 47, 17], [52, 55, 17, 9, 33, 5, 56], [35, 12, 53, 23, 57, 2, 47], [46, 8, 10, 36, 53, 49, 23], [2, 31, 42, 10, 58, 25, 7], [42, 1, 8, 43, 26, 39, 29], [49, 39, 23, 46, 52, 23, 54], [38, 20, 14, 7, 11, 18, 30], [22, 44, 44, 22, 22, 57, 2], [17, 17, 7, 38, 56, 41, 35], [42, 29, 31, 41, 58, 17, 39], [18, 26, 32, 60, 21, 18, 13], [1, 52, 54, 51, 24, 58, 21], [5, 13, 13, 55, 25, 13, 27], [22, 37, 6, 27, 15, 2, 39], [59, 52, 50, 54, 50, 17, 58], [20, 43, 20, 21, 24, 23, 23], [44, 48, 33, 14, 35, 36, 52], [2, 31, 16, 59, 49, 48, 39], [60, 12, 50, 47, 38, 16, 53], [13, 40, 5, 55, 38, 49, 56], [22, 13, 3, 19, 11, 51, 24], [26, 32, 53, 28, 27, 21, 2], [40, 53, 2, 24, 21, 39, 39], [8, 18, 50, 19, 30, 22, 23], [6, 31, 36, 49, 54, 42, 55], [36, 38, 14, 27, 29, 6, 41]])
deveria ser
['consequatur', 'consequatur', 'amet', 'amet', 'incidunt', 'consequatur', 'amet', 'incidunt', 'soluta', 'dignissimos', 'ut', 'unde', 'possimus', 'dolorum', 'dolores', 'incidunt', 'amet', 'quidem', 'ab', 'minus', 'nobis', 'dolorum', 'incidunt', 'cumque', 'dignissimos', 'incidunt', 'incidunt', 'amet', 'consequatur', 'incidunt', 'ipsa', 'nemo', 'dolorum', 'minus', 'consequatur', 'nemo', 'rerum', 'dolorum', 'consequatur', 'aliquam', 'nemo', 'incidunt', 'expedita', 'minus', 'consequatur', 'amet', 'quos', 'dignissimos', 'totam', 'dolorum', 'minus', 'minus', 'quidem', 'totam', 'amet', 'aspernatur', 'expedita', 'possimus', 'aliquam', 'minus', 'amet', 'amet', 'quidem', 'incidunt', 'incidunt', 'possimus', 'voluptates', 'possimus', 'possimus', 'amet', 'dolorum', 'aspernatur', 'dolorum', 'cum', 'nobis', 'ad', 'incidunt', 'cum', 'unde', 'omnis', 'minus', 'officiis', 'amet', 'ad', 'possimus', 'incidunt', 'amet', 'ut', 'dolorum', 'ab', 'dolorum', 'aliquam', 'quidem', 'dolorum']
mas deu
['consequatur' 'consequatur' 'amet' 'amet' 'incidunt' 'consequatur' 'amet'
 'incidunt' 'soluta' 'dignissimos' 'ut' 'unde' 'possimus' 'dolorum'
 'dolores' 'incidunt' 'amet' 'quidem' 'ab' 'minus' 'nobis' 'dolorum'
 'incidunt' 'cumque' 'dignissimos' 'incidunt' 'incidunt' 'amet'
 'consequatur' 'incidunt' 'ipsa' 'nemo' 'dolorum' 'minus' 'consequatur'
 'nemo' 'rerum' 'dolorum' 'consequatur' 'aliquam' 'nemo' 'incidunt'
 'expedita' 'minus' 'consequatur' 'amet' 'quos' 'dignissimos' 'totam'
 'dolorum' 'minus' 'minus' 'quidem' 'totam' 'amet' 'aspernatur' 'expedita'
 'possimus' 'aliquam' 'minus' 'amet' 'amet' 'quidem' 'incidunt' 'incidunt'
 'possimus' 'voluptates' 'possimus' 'possimus' 'amet' 'dolorum'
 'aspernatur' 'dolorum' 'cum' 'nobis' 'ad' 'incidunt' 'cum' 'unde' 'omnis'
 'minus' 'officiis' 'amet' 'ad' 'possimus' 'incidunt' 'amet' 'ut'
 'dolorum' 'ab' 'dolorum' 'aliquam' 'quidem' 'dolorum']
Se nao entender esse erro, peça ajuda ao professor:
tester.py, 172: TypeError - only size-1 arrays can be converted to Python scalars
Teste 11 deu errado!
Se nao entender esse erro, peça ajuda ao professor:
tester.py, 172: TypeError - only size-1 arrays can be converted to Python scalars
Teste 12 deu errado!
Se nao entender esse erro, peça ajuda ao professor:
tester.py, 172: TypeError - only size-1 arrays can be converted to Python scalars
Teste 13 deu errado!
Se nao entender esse erro, peça ajuda ao professor:
tester.py, 172: TypeError - only size-1 arrays can be converted to Python scalars
Teste 14 deu errado!
Se nao entender esse erro, peça ajuda ao professor:
tester.py, 172: TypeError - only size-1 arrays can be converted to Python scalars
Teste 15 deu errado!
Se nao entender esse erro, peça ajuda ao professor:
tester.py, 172: TypeError - only size-1 arrays can be converted to Python scalars
Teste 16 deu errado!
Se nao entender esse erro, peça ajuda ao professor:
tester.py, 172: TypeError - only size-1 arrays can be converted to Python scalars
Teste 17 deu errado!
Se nao entender esse erro, peça ajuda ao professor:
tester.py, 172: TypeError - only size-1 arrays can be converted to Python scalars
Teste 18 deu errado!
Se nao entender esse erro, peça ajuda ao professor:
tester.py, 172: TypeError - only size-1 arrays can be converted to Python scalars
Teste 19 deu errado!
Se nao entender esse erro, peça ajuda ao professor:
tester.py, 172: TypeError - only size-1 arrays can be converted to Python scalars
Teste 20 deu errado!
Nota exercicio 1: 0.0
Procurando exercício 2...
Procurando exercício 3...
Procurando exercício 4...
Procurando exercício 5...
Procurando exercício 6...
Procurando exercício 7...
Procurando exercício 8...
Nota total: 0.0
{"scores": {"ex1": 0.0, "ex2": 0, "ex3": 0, "ex4": 0, "ex5": 0, "ex6": 0, "ex7": 0, "ex8": 0}}
